986004279695388682
692038589936173126
419108189829726219
1002016710397796393
642735288052875264
932881080388812820
794665963890933830
715621848489918495
850022358055649301
310848622642069504
861520443387150336
302050872383242240
235148962103951360
493224032167002123
575776004233232386
368521195940741122
464272403766444044
458276816071950337
315926021457051650
292953664492929025
155149108183695360
478321260481478677
184405311681986560
987823474380800001
789751844821401630
958369442369253446
729288151641882684
743757939441008690
606140059913027598
952857994528452608
993110090523623435
398056847455551489
996126925149974652
724484373755199528
703310411797364766
967323300797771786
679735134265933926
994306171236261968
886190036561829889
995776063961571548
627129042650267648
886134845082849290
520930063974400010
967323300797771786
958369442369253446
789751844821401630
952857994528452608
993110090523623435
743757939441008690
987823474380800001
729288151641882684
606140059913027598
996126925149974652
398056847455551489
995776063961571548
703310411797364766
724484373755199528
679735134265933926
520930063974400010
886190036561829889
886134845082849290
994306171236261968
955445671010402344
997494182069420072
997518767036842166
974965886920323073
985841708761759776
809862447649259600
999760640870711377
690828675976921098
997837321628028960
989096722477232148
983394854782500944
681533468978708613
654315983825010708
995011714108112917
719201276549922957
835780287836323852
993512109495300127
557569263540371474
627129042650267648
704274891704369173
997518767036842166
974965886920323073
955445671010402344
999760640870711377
690828675976921098
809862447649259600
985841708761759776
997494182069420072
997837321628028960
989096722477232148
995011714108112917
983394854782500944
654315983825010708
681533468978708613
719201276549922957
993512109495300127
835780287836323852
557569263540371474
772510926896889858
924787679047077899
512342227947618305
694638555569324043
852961877264826469
885131059098963998
935069985670311966
862050622559092736
705030120255258717
425900150293135372
944670129956991048
929056323792941066
715281777010278422
869254630620667975
819775434455646258
541215566611087361
980774939680456725
704274891704369173
512342227947618305
924787679047077899
694638555569324043
852961877264826469
772510926896889858
885131059098963998
425900150293135372
705030120255258717
862050622559092736
935069985670311966
929056323792941066
715281777010278422
819775434455646258
944670129956991048
869254630620667975
541215566611087361
980774939680456725
988151934441627768
997454019968647238
858672945878138940
932711261278466079
426014416514056193
593789956196139037
988818147110944818
957204548802461696
556750274925035526
728595178050551818
885770690345701406
610761234756796426
519947565274234910
849696216627675177
997392590280331314
769617986603843674
844589155715383318
983452998053277729
714108753477238874
815249118745460776
815249118745460776
997454019968647238
988151934441627768
593789956196139037
728595178050551818
556750274925035526
932711261278466079
858672945878138940
426014416514056193
957204548802461696
988818147110944818
885770690345701406
610761234756796426
849696216627675177
997392590280331314
519947565274234910
844589155715383318
714108753477238874
769617986603843674
983452998053277729
691917973618688091
960859056103370782
996546481282629692
772032626885656577
997042993250967604
779282592318095383
996658756098203789
787247109010882572
992117809238786160
931216864158314558
398088034848866304
820351234808086589
532638173503815700
727996433336107110
691917973618688091
996546481282629692
960859056103370782
997042993250967604
772032626885656577
398088034848866304
779282592318095383
787247109010882572
996658756098203789
992117809238786160
532638173503815700
931216864158314558
820351234808086589
727996433336107110
594909629788717097
304609117387882498
947763003300913172
659661238305030165
422299172025401344
311527499337039873
292959107399417857
304830582054191106
424260619466964993
567434991282290708
919937887733161984
798152066567634945
278467317837332480
912567444906840074
934333209846628412
272710368130760704
910249624919506997
966831492099633232
576741627713028107
939746911609585687
702026856559542334
575388864458391560
627585872715317248
275679163971534858
217810788901978112
803496134957072384
805494499983622174
182435319247929345
968520609430642768
834583650497855534
671446054964822046
763038342744244245
540596172008718336
381198651269316608
410649186711633920
393750093012008970
291008445128245249
464164891570339861
507104257741422592
405409830761922561
361411779777003521
415314663853785088
278162416150511617
447005329733976090
858132613490016266
763038342744244245
760953454943797340
860651895109845002
738421269342716056
574024296511307790
904265553441591307
211835870016307200
973613531423445012
612358224150265886
734828241873010790
661892481876492329
309907661174996993
939746911609585687
966831492099633232
575388864458391560
627585872715317248
182435319247929345
275679163971534858
805494499983622174
410649186711633920
671446054964822046
784405713115152394
361411779777003521
415314663853785088
904265553441591307
760953454943797340
612358224150265886
547905866255433758
499595256270946326
859046431268798504
771711733147762748
1001527591552962561
842082815399166012
898289200657469441
588075404670009488
969287183045361684
978941031556976650
1001783187669794877
994308248687620127
702070123476942878
996202554759331881
999504191900897401
957972452036722710
834714827993514006
846428276946632724
763819846730514484
933789833074188309
747975284422344756
964504741222678579
365594481594204161
159985870458322944
204255221017214977
557628352828014614
705983140778213376
846757455077179432
990951475213635624
996676501342801950
705372408281825350
574514950215696386
559426966151757824
999504191900897401
882976112458731591
819778342818414632
708616355024207884
294882584201003009
990951475213635624
983445834781843476
993647495068536852
763819846730514484
159985870458322944
697817724688138290
933789833074188309
747975284422344756
708616355024207884
964504741222678579
365594481594204161
557628352828014614
204255221017214977
983445834781843476
499595256270946326
705372408281825350
294882584201003009
574514950215696386
559426966151757824
574514950215696386
294882584201003009
559426966151757824
819778342818414632
721772274830540833
855101294675099659
617092988044050442
861014312294547476
941684368240414721
634818840542445580
673116162757885962
850459810453651456
115385224119975941
281141933336690690
883785080378634292
735516689030185090
980969852451844116
855887239358840853
645848457264758784
511411692870303745
461093017735135233
472911936951156740
961161720385110086
598822734725775363
955694398212042783
890975541593767976
724217024166887425
988723203520233513
967771514474754069
510616581362155531
399628555429871626
703609368771428378
721772274830540833
881489615612162079
665572226975662081
967986081951801436
726107256705253457
866413186874081301
810468465764597790
978696126305812480
730011243041128478
866094476954042429
951409730276966521
961885886709121024
911457158229553182
679355300591042581
960878669235101696
370562967483318274
851023801261228032
926522049587978310
967117842094882857
957580867910389761
700083020333449277
985861351719178310
834130034733744168
369113858910191627
808069237126070293
983694992130318377
875385504512761896
850769234489114635
874257155170127925
986016033578029128
774947322442416198
957711027594731641
237499203599728641
973292695231533177
954651922709770300
919618703962824805
801422389908996107
974946407523967017
966706409142120478
828965331648380948
922949356129230908
969898134933229578
970753227668742204
586542602392698880
307838552308449281
944611068666327120
849992721677811713
996719977904214077
923610104857772116
989822083565510676
721275504128426024
974559972924981248
772838007275388938
736853019282636851
869510855920861205
845738757465833493
910040312976642089
642755345525243934
965571423403905064
919853983466659870
892745661370482751
874302162996457484
976225966533795850
856437106791678013
990230138778173440
959568186913751042
889477549636337686
599214862488567828
733657825821196358
686926890606526504
969490176684462121
665899531065360461
609810254632452133
797281056314490909
501156902349176843
811511933063659540
488288687692578818
996386387668512779
970391633155731526
472403364551065620
958464691540205660
872546532359028848
741574547458883604
781871209343090759
692653227505877013
982718423878484018
988398856158982194
958440829867921408
612900540661366795
520015346141495311
926575157030559745
861514681781059614
935928013349077042
398096929340522496
962054054832373804
993896381175562432
690348451241918615
984535379979948082
845191804223356958
996874271907401808
981955006716600331
990651143073984632
396688592862314506
728953084121972786
959079277226258442
977936583502204928
789904508867838003
964469120185811044
754018970524450866
861690682438713354
906182414961889331
996549772901097503
339761657657950209
968531976967573504
963017336082804816
733720601310658662
570174219321606145
937363743292137553
453933605132042241
826511578294779964
419502842693550081
888482274692194334
497384192359792661
465144984455217163
526113792413794316
854640457258893322
989326343294554203
977871927697887283
830691466547691541
939611121265037412
676795889678942214
606589762446557204
914138134621610014
970680580037558354
996451708068692029
978525650916872242
377465527439982592
596807495679344648
962045459654934578
871158331052523650
942526616918192128
924390083593924669
745911248356507670
815280144326590474
981672750915682304
684014829857800212
934106167544803368
404708518235471885
810038096535355432
771462763385847831
255008758483255298
266595678577360896
268897513774383105
310764095764824065
294462197508341763
296712305964482561
311232160885506049
316672102617055234
324119306285613056
334032195536683039
336513385871048706
338804298496475136
341649324083511306
338958246813630475
368700551048986624
398697463571152908
414329423492284426
409431726339653633
417270557034414101
426110727808483328
415158856986132480
454998772418740225
455649544550612992
458212127807635457
458652527995387919
469875750342754308
474042685959831553
476376460962037760
478243021251674112
494788063541592065
518686911179522051
523095148448448513
533973275487895552
539009732736843777
531208221126295552
526146459112964098
543057197865762827
532598161156603919
551503808895647765
565922270904582144
589366214074302497
603995581685432320
607993040619175936
609087983265644549
616288160049135671
622448259281190923
632585541761892383
643511328224444444
660569870009761818
661555352646582295
664928485482954752
653230652271099904
674004158193467398
672842441493184512
678680867442393107
679382160217735182
666594286946484235
690570099312295956
693592155301609575
693833646737457193
694125811762200596
694277732774707242
694298227633029211
696692100464377907
697773807267741706
699184472729583666
698995457212416092
697917751502831626
699936129276706938
711194433089044480
700023242102014006
711849885984489553
724971969056997446
726382252895895582
727457521345888337
732187160853086329
735314846064836669
753308861355655280
758360668658335787
760553192265875486
776422248545386496
766938453996077067
778164260240752690
767496657285283880
779676399094726656
771369555699302450
781603070840012831
780131738164133948
790794811635400724
803645275540946945
799294081981218876
808197499336523837
810033199174254602
815620907140907028
823832656982048778
832514078945706064
828354235149975643
834822718338760734
838820495053815838
848877275201404968
851420298812063784
844677514022354975
850757540962238475
856272371303841852
857890139962474517
856678251640127518
856145341534699530
859733202506743819
861342438907052110
865318893979697175
872862823426953236
880344451883601941
881159213211090945
903357107145936958
905358499691778050
906174135909089300
915249067746021457
889440995857535006
908452855575355433
910861152341356564
917667474688843776
917856307246137374
918878037381095534
920234846629003295
919615392316538911
923939404601524285
934633069330182204
935100871790968843
941221322330095697
944209039749951508
944556277701427220
948380992723357726
948994468172927027
951546566102118400
955852536538091531
955837611778388049
956142193016438796
957236020112404520
957832228438671450
958304433161252895
838857453441515580
958736316185579620
862135411404963870
794976259460562944
717727312476504114
689153891413393565
653267200714473473
919324586884087809
990341055444553768
966743680390144050
844272147119734824
404252554243866624
686969612771917861
673280746873684008
980515421876793364
964053223608561674
941721472144121896
969666361498402917
543520445358407686
856583047204700171
958251116766842881
543415877463179276
555791722613833738
978268819665608784
643450688403406848
847434662011469894
971838339009347644
777908915785957386
605045081636077568
984045609235402812
557641146856112149
815980769503608902
959740235669970954
623953429395537941
509284497271816203
821966049636515851
936251846945828864
823446581323235349
719821264562290699
409698727763116033
889841871201927178
503221230007091222
710196694322774036
934112988439408730
500658624109084682
982240757748465675
505676905949691904
707514447148613683
538387793190322176
974557640032137216
510142883244802048
962088572175908864
966019612128985128
909562329178456064
934112988439408730
710196694322774036
503221230007091222
500658624109084682
982240757748465675
707514447148613683
974557640032137216
505676905949691904
966019612128985128
538387793190322176
962088572175908864
909562329178456064
510142883244802048
710196694322774036
503221230007091222
934112988439408730
500658624109084682
505676905949691904
966019612128985128
538387793190322176
974557640032137216
982240757748465675
707514447148613683
909562329178456064
962088572175908864
510142883244802048
694847252945961020
937390118371721287
955074010549469224
959903381533630514
988516351247282249
698176175490596984
768050639045132288
704776549752242217
829310327472521216
981481249342365716
815887142717882389
855318682593787924
815592100459970601
689771871633145873
829310327472521216
768050639045132288
694847252945961020
937390118371721287
698176175490596984
855318682593787924
955074010549469224
815592100459970601
704776549752242217
959903381533630514
815887142717882389
988516351247282249
981481249342365716
689771871633145873
829310327472521216
694847252945961020
698176175490596984
959903381533630514
768050639045132288
937390118371721287
955074010549469224
704776549752242217
981481249342365716
988516351247282249
815887142717882389
815592100459970601
855318682593787924
689771871633145873
351464250520371205
359390907935621130
513090077409411094
627036145796251658
630769926356992021
696030247061028864
514811761686478870
756854705770070036
824288503977738281
359390907935621130
351464250520371205
627036145796251658
630769926356992021
756854705770070036
824288503977738281
875485146453774397
351464250520371205
513090077409411094
359390907935621130
627036145796251658
696030247061028864
630769926356992021
824288503977738281
938120981459927050
888090671037169715
348835930888470549
433185486782332959
308906067675447296
432130338504835083
542495644133097482
289041666373976064
200889820292055040
562961089059356694
711248892770910218
515486958944780288
326680784704634881
262982159764029440
368441914309214208
272496226069643274
599302434724249611
599639154543820801
760453308988522497
988015012616499231
287801721118523393
830119795269304380
657128263747108864
297417034747084800
409631666114658305
198526561710899200
603565791513673728
474555090758533121
545015058997182517
311484245417918464
775723868869361685
366138778584350720
532548410868498432
505123369222537219
801204863911460892
481712292958961666
342954479043477506
198873572352065537
408946701852868608
241595932964028429
630839449328025601
310470170822967296
368105878609723393
343710087363428353
694073301605023744
974722429547069450
421013462131671051
833424630017818665
878012779083218994
545616219001061399
340073531868184577
521008265044295681
731085863697645629
831999772747497501
595695372743999720
583688825646219287
313344331903664128
545555922685132821
344083993823543310
556563181246349314
290557877733818368
464472728641077248
294135216543367169
348143940173561857
724981781660434503
807183629406175263
468026459609628682
439741171062013953
526300669443964938
448063309640499211
720033407702138950
216503853862879242
758422410272833587
756849024166002799
698478124005982268
799920479548211200
641531036089450496
961549315376054323
483537248051003422
365221396252590080
814954804904067103
622702998790864934
518440934120226817
447436646393184256
964134693270347787
799377456900603966
536479598469316639
702775603366985730
614023140481171457
577068639853740032
351681770753753089
623516397053673472
822208110101528597
725073413114298439
368318315145461760
808803970910912532
661960431249784842
563758558835900427
614346220848021505
874028836759691315
770917953750564865
673075026412568618
815507784204419092
828649565791322142
757442853206097941
823639136623656982
995271026495717456
677838534630965249
622766369729151008
723457208477548604
608926281207119874
695917955279486996
234395307759108106
600295918494810122
817100304192503883
213466096718708737
574160533062680579
475529774819704834
436515089441488907
631067108750655508
365779758874886144
513756763837956108
923779236114866247
623427889282416667
695922530271232000
833708097100316673
941972441910116413
301653586410995712
630287769301680138
745265595489976351
363957156526948354
713711938802286622
766949810061836308
852816708203970580
708983237753438239
456420274502500360
536935855252832274
658544506651541524
599507753110732800
355251014590267392
329085098492297216
947370539540955159
458338166923984906
852589096697724978
571046957535985666
421727790702788609
885443056516608050
736531938399092817
523997712090398720
287987604081737728
404664747603001354
854362247819821076
550009422961836044
800444217935527976
198388744997306368
298016505574981634
979659504838926356
394029526344007680
706900691326730352
998343709026422916
424213710563704834
807487608686510122
819689819672281119
285067343904899072
704998868869316628
788363679677546527
599282190127333396
957258338511486976
977957517780996167
429572146600345601
349265501551067136
939104869246205952
921728928454955058
349869341660938241
421021914488897548
948264973077983322
770993126134644747
414051293875929089
625612945572757515
302828469060894730
433909242303610880
752142499656499202
841269013476540416
969196670690664469
979742317957251102
871339586184429568
831834548588511252
852797589359165470
247410955909070848
987396677176528936
848561111469129758
436157720379523072
712568970183442472
570311251624853623
927611332864380948
661910512686202908
706965655089446983
935195068749451344
457877348147134469
815201822343299083
360113382243696640
510822252095471627
299972738549022721
594093404510617600
920083171326959686
403553131037982721
843054693453922314
325565081536692224
832663471892070441
610758703301525515
898874888050339852
567631375012986895
500628422800965653
777830943490310144
931165756153004042
445577054424137728
439857611492556801
302436683578736641
967354669351460864
356761651896385546
872549760094048256
901848438742859856
888071018919378954
723805398888349847
699505336104779808
330755308928630784
589153082164773090
500342985163014144
141515684776509441
497723517987454976
582175150682931210
645363974334054411
705417774108770414
698882864959193088
432899026866798593
651516082754027537
595560649430663170
660894008171692033
923873447732469820
852875075114762290
625336182733275196
638710730132291604
402463263234981889
957939241374064650
988842261229998172
552931429898518569
980928331509821490
923300964037955604
835114429275963402
986580076088922123
604220746541301760
774315027057344513
934548558043021432
292782412809764865
930703406123868240
669240543494144032
724283313254039625
598075256070209536
919212090630217788
771675115649761280
324631108731928587
770152674586001428
940884563167698945
610518185778610268
929930839003922482
707967270529269901
912385907087249439
867001927389020160
714151523927457812
746295766103883826
926671991539396618
1001872940075323522
699984747178492059
1000486973506605126
553535436111216655
864897263758344192
993460098569617459
991435953694589119
873334368825929818
779775050412720168
972896054620082206
913091841841328129
726442090170548234
981951297756483595
951144011127730267
698223474572787722
924425220771709016
822403281874714624
815586600783183873
997945103198986270
709528286996201552
877870916640579644
938769973734674442
998873598678794250
622363505030463498
574088747671486477
982148432066117682
744505919307776071
694820676976246805
692010956313854013
549918933403303937
975647629612548106
906658292091224154
584682326550642688
875061436316004363
782620841703112756
718710911321243710
855032673008746496
996767649440727142
913807040722386955
898611207383158805
588279106349563924
980933303152562266
691695175319420958
539048775306575872
794135716526948363
957618994553159780
228537642583588864
380717077465530370
828419756016926730
745611549133242380
804998306757083177
828203766587064330
712634744596201483
926113182030901309
983798037837131836
805129928231092234
998921208223506463
403574415209791498
921454269280956467
707658265189941268
427013583713468426
919694521443434538
466965815351050271
253548059596685313
867045133975027712
855426169406488587
259353356705857536
334316474737098752
312412790382133249
969232363827630090
296414482538823681
533276850659655684
965930257154727966
968541682876420127
861856464771350559
968659447725563964
320266056482422784
367022143264915457
289363217933795329
133293816223367168
770233457955045416
709529850301644810
523240886877028372
265141700148592640
666709374848335872
306801948768600064
289166550395518976
662275292198600704
308308608259719168
401785414899204096
591199744680919068
828389284885037097
430716053186936832
668332310743220237
279008733407739905
772438313159360513
103058869894266880
409772630581968906
368077998030848000
590611574121693187
468162713365905408
506473249572519936
245142953088122891
422677576398536704
566517415551434752
863875524487806996
704313609089581086
377861436929736704
615538969689718796
372834417472831499
425953930162208769
679314399990906921
804770497584693279
1001230367283486922
455743830164242442
500773014972137482
163653997281017856
369208607126061057
314230903872421889
966771583676977203
268478587651358721
582914294216130581
282859044593598464
409822832256876545
728310780105195570
526485456980934677
284035252408680448
707045569713143829
274903248861790209
606075493397299213
486551091262128129
