
489820077357793290
489548740697522217
336542577996333056
294381339606646784
731035726820540447
247391958102835212
496323823981821952
429572146600345601
351697207277256719
395539858002673664
230333718915448833
516857691956707328
354971004545662977
324193712647307266
412625945225068545
202710678635675648
221577299340820480
878644756434018304
312242201931415553
246258842277511169
302876231974649856
479756923328135196
427841811961348101
515218084517249034
206077412755243009
370591267278553088
353263236134731786
484458529886044180
329313168243425293
226776646277922816
388362577647763457
753338251468734474
415548634227015693
292564808325267457
726287112118337596
274466210631122944
131070235074625536
796021456521396246
320601022714085397
194778310880919562
477028297872637965
755360821697314906
291663411857719296
759155990292594689
279658675088654336
365571571127025675
523997712090398720
269380534960914433
397344988393897994
304830582054191106
269866259846266891
741716049145233428
278564145530404885
338974445911801867
863080162172862494
324594870050357248
341264318081269763
581874466745745408
913725420984221707
367334384434544640
315501283899342850
601373015405756426
674291988522074153
342037567723536386
478654794832150529
261214300146761729
889897850929025044
256114750721622028
428482516203077634
270634490785824769
318121569035485185
939130186153201667
339424764844048397
704380014610743356
603468807209615361
268872667493433347
278898242333442048
260052216222580736
551063351468490763
387584158416764930
201446351903391744
246578626873524224
660812226264825886
250007900716531712
291219448008802304
352377205021605898
814227722414587946
160432825575800832
404587156942749696
244394924613566464
786933600255344651
260398846318870529
310068504785190918
810281302402138132
256755096493359104
324455051194269696
141662194801704960
297356195369582592
792459814261227531
292708606766481408
659101218114633758
785998883284582422
495356839131873301
450413235833798659
256532630311272448
510084443000668181
326302659063709697
306001502126997504
280341422736015360
300680850750570496
628217096588754950
331486836700479498
224779383338958849
625455005205397563
200546220886720513
313774381933264897
325370742562619395
311924275399491595
310120346093223936
468480663553703937
273752191238406148
370911037441966080
259020622825390081
535804066442510336
488401023363317771
555088173928284160
698972150542893147
515883470283866127
698102743151280180
705050468568530964
553620247844749312
420622593989541898
324556581792382976
317344939971444747
407493615967928320
255436516988420096
444145084326477836
569113997891338251
403968390080888865
692052423849803838
700020651347673159
635843412364361739
328636438247768066
309263117949599745
732691337882894391
698858224044212244
189446540077694976
302365837195739136
293121814958309376
535066705089658880
315542187775361024
377417621890531338
595950965316780039
540993625371443210
863799103720390657
659651652944527360
447160946356518912
811513623523360818
558020807326957598
667626318170685440
415239083963449356
261079181868138496
261481282163179520
644832924679667712
287200686058504192
511250827961171970
679640077713932309
400382614059614208
404362433671462934
262145366118367252
523933059683450880
723592220812378116
441659538308071424
330746205699309569
522509888534872074
748950146594898032
314797995952701442
340613243607187456
754049848528994524
375585492118405123
296684187296071691
252131808391462912
769888196007690240
472802746068762634
449555241549955073
327965173245804544
482642260174045185
323801888766165002
511002384999383062
229845845883748353
329961648846798849
645280404894646272
223076631940431873
649639823904079892
780466728580808715
340790449948196875
497743471512256515
854060828759556126
432088279723147274
590855906561097729
637560756186906633
334104539353579520
507949225594847263
750699024579035166
156040267470864385
568817262530789387
854718204982067255
360944962894036993
297408578325577728
314028501281931264
531985936314007584
280295497204236289
305390103788781578
609038736533094490
316961140204634112
602477777282793474
830982405225447476
259114910150164480
437290017942142976
483226175968116736
888102586912231484
508842424920047644
531148115152076819
470959675379023903
317354408306409472
467048281017679875
174783462778208256
324585863293960193
358609551047655424
550296925828808704
479639919720136725
515592887287939113
805132056568791110
560747428580556802
393326698751459331
519786262090088448
421394051489726475
280693638059655180
449956549968920579
509409575536033818
496411877602099245
452171891545997322
427078961634476033
594013541078401026
670627589798232086
284685851559067648
401519569056956417
344561216112427010
472888077115719700
248520519576584202
493074928405446676
532490121543680010
440139713777500161
510916287874990111
264192316556705794
758762642096521238
235068964173119488
871415050223616061
566675598341308417
530016271459418153
368256613540429846
395329689616384001
725375696393732126
210624277710503936
425711897002901504
295254107910963200
275341764410343424
381895587530014721
271792432117579787
624123210564370433
275180415256625152
344210850841886720
302530626760736769
321681612129435649
526775997354475520
747095313172529253
284754992517087233
399654413108510722
284960444219785227
493715028092911657
602794808796512264
480538381089243136
696610124730466377
318715877128273931
158591237002231808
499591373310394368
354980057065848832
253556359486898179
827139819087855667
551754120625913876
495877092999692298
742586696499200021
300387489611251712
645679840913129472
632661399998562332
632216432255434783
600391243335204868
358855629823016980
398871584322093067
411807939096084481
495968196822564869
696032899710844949
715255998754979910
939216924498354196
532871233964998684
329820060027977729
278807956974338053
313221917395910658
631911091219464261
369026068859846658
521083794204393472
292360374114582528
624604022015524864
590888587365580823
335663231378915342
346300358257016834
213222315767496705
349798923596201986
251719155969949696
135515851691393024
337253048701419532
430317173832024064
323119161955975169
301020093247127552
623902946693873665
286863936660307968
331345342626791425
240534162463784960
500968092319612928
400424888894226433
371044729367953409
697070115564290128
299045053333241856
321677727310675971
360425216402259969
284648738163523584
299938356702347267
163758805048360960
485145788025012270
681567534213890186
318442175853756416
286536107431034881
274903248861790209
257162994914557953
343287842589376512
245982282215587840
429698400867319808
261413606044860418
394078892979126282
269081800872034306
357890890192125953
270285998955560962
310428543278383104
336223865149849601
698632308445413397
312972076212551680
821319158925885442
727091010538176573
478820715202871301
246700375250436096
543122806393536512
302726590620499969
481158406015549440
270452586350510081
413335812067819521
389228603495153665
314091610642055168
539102338561081357
276655851933138945
227783216654712832
293058433937178635
249512739590897665
346242740235010048
287616678186057731
548158094555873281
270300170388897793
411149162256662540
352089558696984580
220265399017668608
426431270063439872
257521326833532928
251749095499235329
520922465300643850
317580168057192449
483730944180879379
408555142787629078
302683515496038401
541603828143882241
331775749055053826
740941423364407300
243778652922183680
292566814234247168
348943059993755651
524520050476974082
252511236107927552
221333764654104576
397802056485699584
389077716126662686
365256060388245504
333993211896791052
335090989016285185
397087861880651777
361822874551713792
551541312609058867
292718275501096962
421910253341507584
808661723186855936
299645279974588416
334591569913053184
323920721078255616
323379424215040000
492724777551659018
196942248020017152
368053519871377420
185428504924389376
273105083120746499
313217937034969088
613789474429599783
360759908372840449
334851974954614784
298476991017910272
312601360321347584
335394354866683904
401811069133258754
270895836077096960
406752490541809673
784368278625058826
254782107354660864
206924475277639680
612415711343673423
256785525862694912
788122404580884500
252418654866505728
475331730207932416
421708891320221697
322317294065811458
341296131420192768
453227839337267200
393322836351123456
307516995430252554
562270138728972294
298326477945176065
302519799634853889
725367120271245353
326767738536067083
712793349454692423
512261533103816705
360488946754519052
667783869109370936
704667581738516510
246699672545001472
282173307636416512
431193532817080330
451746882977267724
340183177354018828
513666857702785045
276038740881965057
217026483686735874
394470263527571457
233705949779591168
423507082562633738
399704800390021121
544498259016548364
347650589951393813
304899720776777730
814937337942376567
175640245528821763
453554922701717505
246561742161838080
284023459997286410
169153002899243008
304658865008672779
326461732425957377
376412623521972227
690953725124018216
103072662179315712
292644255783059456
397375866625064964
538376924347629598
368080043756355585
852617518572765285
639572085546549269
856636234457940050
315257642467459085
254638956660916224
483481276712484865
414075901509107712
269408369226416129
166546762855612416
343729817021317122
328468140050612224
293732049272176659
257474673518968833
394755899014512643
825152059643920405
262581457753473025
409736910182023178
298122325621211137
242939810644361217
390531359958892554
191616232972222465
315528337932156928
287934700230541312
720410574046887936
646795185073946624
483630148730748938
682296526835548175
287640128589922304
246646936713691136
307859987802226690
325223300282318861
286493892587814912
445152822120415233
609444966292520961
315810651928920064
245144416635846667
766370733621248020
228548952687902720
238725780337590273
309306140469231617
235437062646530056
466628593091477505
325680014135918613
272097817433079808
320485213098606593
264048560713105418
364461333871198208
295495937495662592
642725094296125451
663452030433492996
523816973633585162
265886874101350410
634800616681504787
424962822187909140
574056264020262913
474254573624885249
664474582543106060
269889136234594306
372257630628085761
399665305946947607
296653166429339649
398597437079420928
451402966218309633
278873279027085312
854347068666675231
221994178316337154
506837015736614912
693119417512362095
248537380204576768
247022049476870144
724365344772194344
808198431671713792
734435691840143411
117696352267403271
226689923825139722
518386052021354496
484486485081587722
297765539529359362
333325095156187137
269819980772540418
673163508132741143
299101955333292032
777877197624442880
573620848502505502
576245568599359488
268784764125839360
300152587179786240
401034743161815040
335771121259380737
218083478468558848
589709474776743946
705678836100235345
424612865157234688
284972008981266434
400285809955307520
556175281694703634
462219919732375572
261783249339154433
224554113227161600
357604696418156545
442229888368246784
342677721496813578
581758322823397386
321968055716675587
217318719272124416
243075482956988416
737399443917373571
280286583142350848
444983626371825666
537293097894150146
358932663949721600
484066080860405781
318341344256851969
278149482598891522
267254103795564546
298872138167877642
454414689372340224
681092092486877199
299931859004162078
624942259015516160
571702819720265729
255413037014450176
290466742277505024
445443356664004618
505443032053710859
527833723916386314
282832053714681856
274608480743063553
197441508331225097
739516785107140828
469187711144689677
320648045098172446
226767223941758976
491824727959273472
305027571798769665
362853727616630795
748210779253112893
226270163459244032
400222250730782722
265128295362854912
681945066108878878
702710264302141460
388372219442495488
235994040548589568
290394430437851137
269890837482176522
365488006875971585
335285326199128086
764119472767369267
250668904836235264
226286962062000128
199395007243747328
293383385890684928
572071115019517962
853201975994351616
323318314686480396
353773663562104832
690109701567938711
273439709190160384
311437813713207297
368418038271311872
528841007924772865
600410351892299786
437963217973673984
306477049919438859
167343019593433088
419434142414012426
499544746595975168
287987604081737728
311527499337039873
879936764242960425
318407115058315264
441968234972053531
276998490364575744
588765881635569870
657549893727944705
198792758138372097
261157776355491840
210834338391130112
309057351694942208
706409530573062244
261819540084752385
261926482677334018
461809039664349184
254667995316486144
458363917769637928
198516903881342976
633740074848092181
496280178499256332
753275789289586748
344414315937398789
537018496421199884
246884368851795968
399947041557708800
284986063225618434
254260407949066240
401807391617843201
307776824770035723
358212316975726603
669181925705121792
764127565035733026
295605861793923074
159905401767198720
169836060753395712
279705637686870016
398554208380649483
875346565760442408
651644575676497931
259032984789843968
512595130058932235
265093487471362048
504642872956420096
503126745378193409
732336196750934208
272241001534455808
153515244696633346
394259737543180309
336399955730104320
593801030207275038
779449822787928125
433639934478385153
267657883024359435
179957974045818880
453562128733962242
390458903961534466
263968190239997952
363362652254371851
852877207503241216
369262640419307530
229559875397484545
367632483241689121
177687325738795008
630471704166137886
402802092638732290
454045628201435138
358703372716474368
429310211036282911
295838936637636610
277880842540417024
193673892416585728
784424544751452171
371636888005771276
619531245654769694
365488699192115200
471939137310687232
254188147653607425
225116556672237570
253995869337026561
294874088009236480
244482810151305216
224170474509172746
536560344982749194
463764785591222272
311885219068116995
345819062200434688
205753512955478016
194829804342607873
324017436099608576
899669498976665624
427691085871972352
304966833708990466
474280403289505812
613674623179161620
582175150682931210
332506203177484288
387365466135330816
288307301838749697
379643912194621442
580557150988795917
257211814813761537
243092371363856394
678281416403845141
300310708984217600
577112513435402250
344439394532589568
615461664070041630
334423379039748096
388339707010088970
275287299804364800
262563880180514818
685176896903708728
107610688356134912
475899802920681492
264010900216872960
130238975741919232
301779317589934080
460880940978405396
455047558293880852
238375974226362368
399105453583368193
627716612035837954
440469138339659786
361912073610854400
347316442816839680
182146939331018752
409320553267068928
325998529149534209
356493738576445451
471569150167220245
226427477583462400
285696333082263554
256113330194743296
375706878468161536
444106569714630657
315055032481349632
391550096556163082
454295363482943498
687037321488760852
415206455990550539
732320419444686859
638463195241250826
456548209813356556
291960393260072960
304993890925281291
246033287930314758
274186966650716172
559999375414394881
520959828055818260
340599244660539403
294099375901376512
373923490308292619
366608801287241729
628115713847984168
419714155566858271
430466660210704387
286542833224122369
275192931101442049
324248585233235979
244766085453185024
405129132800999435
301397971604602880
306818896147644417
446600790245638154
418694979850993665
526081617459150848
282487397105664010
755174830424195153
358387007786975233
328241723149123585
480082815141019672
349593787330330624
716343292031271047
117696236257017858
484779804088860673
200525171688210434
334313469044326402
265925630384668682
446330638698807306
252349289865543680
273140863125815300
382769718211248149
293441964651577346
572793653567684628
333909678511882240
282574674246893568
464762833234690048
385770621830692865
746909581250396211
272654720202702848
444528627611074561
334051129375850497
357617567751208960
431440163756048384
697735493722439711
430564594948505600
428194881253408769
337316105070575616
406771568627286016
382218164513275904
359177719113580545
335306851082043402
252058774875930626
236554653637017601
288681351476019200
602980127306940441
275640519814545409
367335317562458113
287506994842173442
286835143023525888
550388027201945600
248097680796942346
415908010758766594
490483856915431454
320284672703594496
451089781145993239
386562271809241105
361350531584753665
626090575980003330
665013324773064714
169121754990510081
402768300418924566
582489367474602003
554968891504328704
763021227828445185
344386884098588672
556139479727996949
322357198653095936
580639273317826582
507296432970268682
633567854221852674
294870780120924162
415141727578488853
331394591603556363
538672536179703808
247773561517768704
332549166213496862
310096170221436940
679668355518562342
761328822666133555
656206969467699202
488753581998997523
242269472159825920
220440995010052098
307832007017234433
717764455127187518
246296691613892609
402882603314577409
457501398180036620
359375158059728900
304221604634820610
178467466211622912
275376715432198145
416167680387579905
332876001581203458
224469173588197376
444583039582863370
737471972677648418
421378018230140949
738789914744979457
422878261912010752
276372925035053066
338712885478031361
283329235823624194
334053439858278404
837273425755111454
102197516405051392
265155255652581377
291674958629830667
286244851786317825
408586702551121921
263212703328370689
492381941878751232
265575599823650816
334034717999366156
291345320565014528
264756422032621568
216191906030288897
304990369953742859
229634813613703168
324134162833473548
513956431003910156
362869994662395914
409834601180037131
427830885312888837
591591995768569896
251785709055115266
616603890988613653
313318829533036545
377095108337729536
681550738588958767
158145784322326528
305764228118085633
794431485351821332
406884680667758623
191660088497405953
494165661594025996
265401984381616128
623172772482252860
303045511768834048
367885385100951553
218213869208862720
720689597063102484
237276998982959114
326699293639442442
413302813792141312
274528533664235520
764445615270133771
280228108349734913
151777166982381578
256498365888593922
650029027985457176
247448278684270594
825739589846302765
128128009931718656
363308474500644864
703952956785033306
368075541967929345
700845146480050188
505383809324285953
169881755120173056
313386561339129857
535148282385661953
313246437733302273
465958373201018903
265041846340812801
419029727819333633
286527795558088704
249816248681103362
206528846026113024
326406293583822868
268409707121737728
955808576113356891
439830206178394114
424906810562969602
441573326582841345
309719038630559755
384673082133970944
400346917797888000
300732902537428992
589917124584275978
270801979234713600
270219381726773248
229198293941485568
353673197461307395
277057563500216322
542423031264575508
378530034232852480
855491219560202250
409387128213209088
248735889935564802
317697356780929028
708033294251458633
323036814392950784
304647001642106881
217402840891523083
404361279172771840
108985852746551296
501812661894512670
850361599801557005
791781176045207602
275704725058486273
544131439642279936
298714751708430337
240489770218684417
285088321112244224
507986624102268961
896366063254667264
291546607084634114
629815779507961876
635437846957916173
294467312419864578
373103323609563158
282854158904590346
665556297445408768
258195607083024384
295904024782438400
196222704586588172
349620850175115265
362947765761867787
695291667175047258
251729142830202880
280704332809371648
280281243525054465
200911878065487872
495500447788957698
525688296538374147
472492120494702592
418069787894218762
277513869247905792
424227290059374592
352904854957457409
225990985165963264
253226608557555712
550733394309283845
318712859506769931
846440091140227122
704782947395567656
272142336505675776
313980919415570432
403957025022672896
294658267064565761
429497389670465546
424888772442849280
481721806030635030
364312055567613953
316554695696973825
356073886137188353
405055578096795648
520255679743655956
389810786660515850
322769871404400650
255705852470755330
321296509943414785
210464312827969536
345941619393953792
270181168727457792
355824393835905024
365532971198840832
295941228296536064
320963396935614466
743300886033465374
327556856300044289
671484648995684393
327652754078171136
430062749473832971
357515020516589579
470890166161244181
488341609885335562
362628866050621441
293953160895135745
360875965347528705
269396029529522176
938059705438330962
245227323354382346
570203805493493780
294414607999696897
478957518136147968
210358831140700161
353600519106854924
400722225113595915
556906062268071943
332842805498216450
778528058155466793
253120264995340288
329754079393873920
275336538135724034
224536079527575553
252143500332761089
379629384161820693
255737119908167680
214836442784989184
262618301908123649
323414762392387585
625036275145113622
852855422045388830
323190392600133646
524617684885962762
305377228462620688
230407933299654656
347763951154626562
350725209441173506
295993227469783040
709050978049064980
597786366243504138
261109996714983424
397151794163351556
383877997414842368
227053348086480896
256454027758272512
464791183361835018
368471958167355394
613429699992879111
840687742430085178
666497700224565249
743868021843427468
465951210730553391
411082127367733251
853191794208669716
291997444294574080
374615678436638733
418409702771130371
406146319544090625
455984548422090753
807357390051213372
793855680007634944
520613719005331456
599350833636835328
489486444608487424
352797574727598080
311106855482949642
418757599064883201
366518581162147841
234548925405593603
468756604293087233
606106432869367811
190183161425035285
533903904065323009
670586326642589696
261177857126957056
398232730749370370
296284430681767946
274884270701412363
474153619038666752
258992784441081856
552792823490019359
214464593051910160
242669909908258817
619069766069387264
278513657439059968
279629883590836225
587226326558179329
227824166324273152
323041685846097922
219361388588433409
291327198332452874
308983678111842304
316271549495640065
298485637403770880
358473147869298698
799514246219300915
342557917121347585
266658634484678679
547808757980332083
244159145685680129
290229224898297856
272472375591960577
764551404571721807
244136799126028289
464146836207435776
595946030252425217
496582883352248322
543873336669896724
739387614007787630
356761651896385546
306441488240214016
300647802969784332
284601878266773505
423470873345785867
383258739723206668
259700506153189386
374565831750844417
695157815127441438
287436594913214495
243877022403657728
435835567952101387
451099246482030602
519936630304407552
307163712983400448
292957889155301377
322854865288167424
623487708958031902
347671602319851521
257476725036941313
563791963904671754
755496213494628492
375746980003184640
242500427634049025
112509339813576704
782219131524612166
352867982302511108
283202041709461504
454166402975137794
304344348139716609
328229361729798147
367002950796574743
337508899232022529
605369356662341634
474176849828773929
262641753247449088
214801065479110656
452909859629694976
377004011691180053
211891279993241600
855850418968854578
489419285731475477
453192627769311232
560147828714897419
521658723739893770
425952126305566720
241610394114719745
847068654352465951
338012375057956867
190064908409241600
414055242498572290
384371882306043905
505330979569664000
203809552607608832
516695337826648064
689779927054155809
257826115123544064
357072252593766401
626073895492911106
307768610938552323
325546326173679616
400221452491816960
385871963157168128
349215399985807360
596383802847133726
571006178444836875
102913628675543040
207514206449172484
227081303550459906
712606146946662410
205955816732229632
472800907642535962
652142975484166150
385289928218640386
550989019903688714
507543140794892298
475191875947724800
458944273837195265
646335504668950538
365502157979648010
383324775742963713
568552388055662597
421739657802285086
284021234272960513
488611402852990976
305013982446485506
263693378980544522
727892758190096446
272332585177317377
343615076152115200
346061444204462080
390999241507602444
467248391672299520
361465259405344779
276612433668210689
280691291946352641
334719445719056394
329338628163764226
277104480481312768
341258651471708160
180316263971553280
589063217905401866
275613104111616001
598958744180621328
283268283489058816
327487967277088769
271353795177480192
252378040024301570
500023611428700172
165145184324026368
368455147594186763
709337825941651456
414022111372247051
316663173669453828
887059991691927574
244223113238282240
315531870504878081
700997921054785576
362555388014362625
249909881543327745
330642670290468864
529875452299313203
794129745008132106
306775142493585408
306519124731887619
310710144654770176
236467848006991874
582845986804727818
801805084887220274
874193331452776480
83953920241565696
295523742526734337
243778370763096067
335038878874337284
730133406385700872
202473577918889984
380350509447512070
456537831859290114
296876697922568212
336122927244247040
319039732740784130
322754470888996864
430145828200644609
191531299826171905
736410981562843176
249865010870747137
837355303930298480
346024088323489792
877590256889774120
415938065027301376
379505550632681473
223135830645014529
217524545437827072
356333935325872131
760159239641104425
828745821742432346
434727798490267659
413352150345711617
454242924759351306
680455102271848471
410103763328565248
330307320548687883
624580326957645864
348768217285525504
605000342228172800
341919402821812225
528610140924936212
351311129844121611
201671024083861505
372026022905774080
335836477034463244
440588639223676929
221729495000809481
267979045482921984
434584393319710720
195617901762314240
186545197876903937
313006887824130058
277477809658527754
488358562506997760
265590306542583809
764409571908517918
439323922924699648
655715327623299092
297911261935435777
474792605675421697
922105982887288833
388921357674479628
332820654028095491
255278127175958529
294812935233077248
302871949644660738
446326414288093186
328223637817655296
448097874992037899
482268780987285504
200987782674513921
381478918601048064
274511688815083520
550326200908644353
260227256289460224
446742983438630914
311872249030377472
455454131558023179
236217880977342464
299950370485043200
575697329538203668
741260895996346370
250191406130397185
403574551705026560
280694763710185472
835451569796939788
401069137885003787
279586568812101632
281670872861769738
328536741524799489
428137750726705153
217976183999037441
138016842445881345
224254831261515778
496255093109293066
373840679425540096
258323752268464128
513333898625679380
402332100491083778
340549494024175618
490345756063039493
145823853384433664
242017152314376192
157891606433890305
324838806429892609
169537745839063042
440141178915258390
329987831768285185
411615999310168074
285079846953025536
697370034305237022
605042361709494294
456089818246676485
343634865222189056
195666080897826817
532269072511926273
515194151281623040
261451251043008512
461069503216877569
203197915404042240
267389178277265408
207562580187676672
543459681641955348
614072603333754880
289060685264977931
266564616363048960
748425415302971422
702359120489086976
346206076267397132
623103721089269770
276168719468724225
309016411164901378
182002649204260864
336495960157061121
297010570341646346
199157369169641473
366829763106439178
337818681457246218
172689279363842048
443738059335532555
505452288224264202
208445322421075974
294508219718696960
160831024262021120
216865172218707968
182924265883041801
244523671677304833
311038662819184641
232263438326300672
494554141406789654
272485042142314496
307550714375176193
288412171761745922
318033135130640384
342610277872959489
297720770212265984
253040527035858944
423231892943536139
313357402605092865
287646805229830144
308640435109232640
413390666929012736
362971373758316545
320616599344381964
244397109346828288
464148182410985483
636101969097785354
95967784143421440
329689505671938061
259410563912826880
234420344516116480
303119088618831873
518427777523908608
427137034985930762
547718595585638402
963818034768781322
511625190581731385
373156718382940161
928631354231500810
877814206114705418
240442152860123136
442295889617485834
288081955646341140
416191709634887690
687634918221676686
398414642671648779
252347173725929473
504877654302916611
258293439966347265
248844456084766720
573844654907326466
323165784342003712
308925324496863232
322621191015759873
434019622262669322
696319164209430559
852229797568053268
295926867909935104
311904030915821578
531924810825990154
852616984940380180
271651834660257792
245616395939741707
299251398258851851
207822216853716992
553211935055937547
332920341955477504
596735725479788555
640664469063729171
398931083481317386
536479598469316639
484690275659415564
410975968459489282
639100604039430144
237168712816263168
235008593647239168
510851858634637351
257070796906823680
259664480215105546
669828562303320074
516391432412725251
212290872308400128
198442234792771584
323825725238935554
395999253522284547
252746007194894338
314750999879352335
314406065129390090
233561046974070784
505017703292076054
350684754863194113
599544883837141003
315171700864057344
366581717001306112
233760525585088512
234354133145092096
265522017002848256
302078025850159114
341657200730570763
341464350474895361
249415853899120640
217621169652629514
228535017519841281
369498507028987905
837416035832692826
528500256506380299
261198579194920960
275616481188773888
283831224256954369
530743349142093834
503945723684061184
289508534788423681
294534421216886785
475001303144333313
293076568626954251
284015654628098058
289432898204073985
655305293089210368
309705964766887936
269761666676162560
301779483659337728
342750798666792960
633001979920121875
336591455713755138
375610709297332225
509754130059886594
103415477635674112
260702786193326080
289640233992192010
175971554289647617
221665233981276171
386559972516954142
117724264202895367
541205722546044930
406894705620680704
574974616825626644
253623629038747650
261464780919799808
215690753962278912
239049883976335361
629333031341129728
260043868244934656
463759637406154764
403930058617651205
465460867073441802
386065002735468564
346675529623011328
217787067361525760
542419569726193677
412662841011863572
239793320610627586
512332911802843137
268720514095120394
292317283953410049
272689011028525056
295111262428332033
236442978514763776
256055357472899073
345565346964439051
252864598040903680
740492794853982218
262924885372698624
343014312941715456
155747882664853505
498821342762893322
913772185561223198
414822924005015552
759125747666518107
292957046993846272
509952448899579914
222023358869536770
280163437265420290
356011712773619723
759438063456747551
336837444140007424
349948149118271519
298822600300167168
278579498209902592
281458066170445825
258944418067775488
755844967032815637
405006273545764874
238344312457396224
566632687646015524
309007907465330689
968529253727612928
337234707316080640
529406152627453973
675089355156488249
452464249160073216
298739855079243776
266874422386753547
241946683351629824
250614892720029696
239426336614121473
535787053468876800
310750591645384704
104046192521912320
242675691810848769
640132673507033099
264790427268284416
380834012190605324
689860041943154805
253751347122405378
334697598013407249
232450366287904769
515944247963156481
469083206470336512
609089398914678804
409772630581968906
722895714400862248
274161657675251713
744557281311457402
474928052816707594
645454304613892098
697800840710193182
307922961170563073
316975863868686338
286599301600378881
268354474798481408
257182951861649408
218626431318622209
498139622006718474
400347391926075392
606553114480476183
280373890537226240
498157582918352903
272099373498761226
776380196664246282
323788086582706177
407530183537590272
614421215188090891
233533069326417920
247620848834445323
464790266109231114
373159393966948352
366991716198383617
173412797089054721
596050086044237852
324216749647986688
212892677069340673
286542832469147648
274999735499227146
196675782343393280
292607143029243904
478942613500592151
293251958775742465
614010221232390144
238356012694896640
230722962251055105
248792967383351296
242811732962050048
292307268450517002
510877992885682176
301919373365346305
285073262864629760
287600953425788928
293459176821227521
399543063514447883
361175200462667797
429451769433554944
463760568130469929
376754974756962314
287594584668635137
584788219044954113
557903847587053568
693788160177602601
410443132963127303
389782399036293123
386228236700352512
420506181627412501
511950213724766218
368755533450051585
839178458093060127
702836434561925161
358443923330301975
315427171562684427
282805325579550721
315939963902361601
772194539124555787
488691687002996747
381108414706745345
688804620902072384
597778071659216939
247419088010215424
254616130662957065
603546297550503956
219836481882030082
360864209602347008
282561596700753921
217620618244390912
312952997866897409
550701303681122344
256838279440236544
363689143710121994
311462808912920579
582479996992356372
545494807485612038
228541230391361537
543772706798174240
207069706354425856
337535912395145217
306804789537406977
757477551592570930
347347956187529216
371271693785759746
139246746860519425
282492346371670016
269124391865024512
472312781614350337
295632856498307073
405073405046685697
555793021908811786
802640621096534016
775807724247580762
327512359151075328
731877735882031225
277754300883533825
234373908445265923
284975431940046848
822577102388723792
735526273492844555
219389874464227328
239375008198164480
502291816238940161
404685593419972608
247317497001410560
349036006764314626
287950641240735745
195912655377137673
187279129161367563
507191169755643915
287540464087728129
424234664916549634
292533120593428480
395653349564874763
210732319823101954
319461749495693312
515611634534973442
411187154757091329
400271096164777984
541985936238444575
249516698204372992
345587944595128342
310971254683205632
325245166632042497
308342523892465665
463029469129605123
333294874579173376
252094543695052800
484781451951341588
340132867130785824
267225687390289920
289690208281034763
193432735954501634
406901851343159299
298123037683744768
299260498015158275
541601687690018836
351022707195772930
571400157640261633
466164789639380992
740193696028557332
262238030411202561
449924162920906753
465769339728166912
385439684009918464
319822551922769922
466642700461015060
908754060872663092
692697883245281281
377467300736925709
270942191776432131
647465794275639306
253584211489849350
478894521808191498
857551576990351391
754430103924244530
324571203174137856
947237593219760158
307592735412584448
562991068375810050
815670648281104404
156409469998202880
406795156034027520
324544223993135104
252339498845863939
333816825567641602
438040098248982538
613084115180191765
267224752903421971
324118630008619010
647587549816160283
289084323410214914
332222604981305344
322976659005505536
223807424052592641
406755275450613772
852599751261159512
561607247075999748
449661388231671809
616731582534778894
518114551539957760
179021960829861889
314786185149153283
826148868282253333
491986732665929730
469556589473562645
266285029678776321
266162570950475776
372373770557587467
288754160747413504
772228370976735243
740509984022069259
187563721852321792
692632287413534790
477196873921331252
481754282417455104
806796293325455381
449509068936314884
282066564281532417
273109918611931136
281729820595847168
258660931943268352
340944385174667284
229973936266280962
159349108002258944
218865894716211201
579263722451894272
490542116423073792
303854766956478465
397414803473170432
209408404437991425
323811856596860928
687276912971743269
446679765743566870
581746167314907157
363754453452455946
194822940959834113
177498614778560512
287931459162079232
301648187205353473
848310286502985768
302018489437126657
737778021859328031
518103514967441418
627820055610130442
528955486196858880
400355508625866753
397095731325829120
270999131114176512
661704102195101699
728590397881843712
345817082266386434
215511854573682688
652160932469932043
398565682016550913
540437132230000641
395618819873308673
735536663635296346
276327706969243649
604562485760098324
218330525012590592
151445526573744129
261954286756429834
375156422977257483
299658870480175104
294065826678702090
547078403195666453
414598468607148041
762059395915710505
729959204164468777
418371583988596738
383662274709291011
264065553298227212
131787243328241665
386539724166397952
277917485016023041
254276664975032320
351914030891532291
387936303997648906
339761657657950209
279273859348430848
493116034686124042
326660530280595457
225243643798224896
302438954332979200
459842169348554763
269385242026967040
299567668325777419
282794455252336641
363741300702576643
528724400850206720
581425547834294285
845985402639745025
236426208315834369
383700233780985868
490149893814353929
343379630365081600
327145227057889281
290532633853689857
453798752377896960
816605277939826688
614900614681329673
334068252475129856
542757127689601026
304273833601531904
356376132033183744
346644116626604058
176724981844017154
360863512156962817
274194320775577601
270937744455237632
344849216243236865
547839846685736972
655066174261952512
403625668690313216
337962278999818252
703697190262145114
252309835872337920
627925253611454465
613091434303586384
300969791299125248
523455913114468362
318032447310659584
227389323962482688
398783796012384260
506986298087702528
409049094539968512
182896016066871297
206350828271828993
525195646140022786
306800853963112448
329601243213463552
310320557465927700
305026978950676481
424455278428422144
317340846095859713
484463921508646917
824625587489996811
319132495910010881
337201524411203587
279233191578173440
269143134963892226
346178902928130048
404561418877272065
283999117498122242
315894352566157312
451087812557537304
221302236683173889
525004002497396797
444614344140128277
566179756744245249
244116531729006594
602665912121819140
502145587165134858
351758777839648768
287569812442447872
181842071781376001
660512071842005011
126553271123968000
328136034984394753
410744285466722315
771421243852587039
341189714990202891
262600885895430144
368834473740992533
365113619077267456
386186374753157120
872584979446628354
573172400275980299
227052787379339264
455031012947132426
315892919552704512
292617466679656449
406343162651738112
448480435291422720
254324688837148673
609683210862854145
293761953720172544
255724706244722689
343695846711492608
436164181050261504
294560618105667585
667032074691018752
201770769707958274
239003922637914113
304208430476820481
386961507864543232
504976083481919488
416310880414859276
473564593541742593
391246287296659457
297978217707470848
446944009731178507
431700996482138112
807462539746607165
627542934396469259
324549943119577089
245143584729202688
335698485947138051
331807787741085696
425286431901089793
405441663591383041
412821277749936130
450701530207617032
441494114014330881
509005280856637451
388412870909755393
361032089124077569
323566027009032204
427471325431332864
302505151065751552
536572412947595284
874727766858268672
308527299912007683
247391702917185538
313310804990754817
424247191226548235
313126465183023104
387258547727106048
541876273815748629
727969427500433509
334313759180980225
703683306411000018
257377175362076672
309359587004514305
371592124505915392
489371522696347659
318573076646199298
781818542500347914
689400353065926707
940507190073131058
707576738179317801
349256569726173185
915171364187570186
108671914272137216
607240611174678598
306024527748399104
404176411344240641
467313378990358549
402170836611497996
721126690314649612
412569145792790538
300587145163177984
312571239262715905
441171036990341122
244869287481835520
284262513372037120
638251366669877251
524848628280459265
485014537863561216
303527114093887488
513405488738861086
236799224249843713
291917904126148620
342727075678912512
225680823632920576
677810617662570497
397717719257972736
252073001086877696
632205378511175687
605686989735460871
478488366430814208
201316876117082112
685097759304581127
344134225663885335
288421595700133890
261209908056162305
256839274715021312
244220672396623872
432605219516579842
291230824345632771
199137109272035328
231521038511374336
275194029657030657
651512452176936971
280690532060233729
465518972155068417
693537382972129301
300909289856303106
325655304060796929
836615084839141416
514780826085621771
420630579806208002
243745614339244032
852623955629047809
831222599760740392
303111178559815681
194419627013570560
711674010618036336
535408976700112897
397163354323681290
306433897170862080
564068855694098434
421337997271760897
496378519857922060
421650839648731136
345917126860734464
833061303592681554
852939725000933427
356358580280098817
271622775712514063
323200269246791690
419889197122453515
866996551053606912
192628082773852169
237486567495565313
416277913084887042
807368318608605235
331134155897176065
504345460652376087
386955004415574017
492976930430255104
722363794504024105
367934534613729280
634348564700463104
334023804311568385
198927694946238473
763462834671583253
281809019931459585
286903503115255808
690837524477771776
751068893275226122
326663282742132736
490581661344596019
293378116167008257
219122252665454593
335824764352462849
283238790082854912
420094905650511873
687010547551436875
350634109267214336
778157547168333866
808002540838584380
354252912303800323
635162435615064080
286144874393108480
338719699699236864
304654886262276100
540111882795745281
476064984510758925
247476624927358979
368747338904371200
475379121254301708
478923976379203584
495243547918991370
451602767858106376
484655949999767554
381265129381036032
364720995270918155
407179903998361620
288381180200615936
641474850233384972
429148244010991617
493108424247214085
457527785091497985
535180265040117800
655438936432443392
590803245283147787
790916170886021171
503959312448618516
265550475737169920
398124723885572097
560955008536018945
257160006955302922
279260385591427082
328628753871798272
446687811270213633
294973930496589835
421278510863351840
552375819750604800
112884707296829440
586570073980928070
753087446404563045
344834392868388864
276033081062719488
375137890650292224
952114001238708305
408311855321317377
688409214477140037
417058201998065665
340029468682878976
639974254967783434
247343566785871872
813359842257403905
292279409958977536
676742415716974612
646814821765087232
659732151851286539
477174948453154816
784939518994022421
405232086946021382
454975811078979585
559104827917860966
535961697601716234
760508953674645544
318836152604033025
916360117186887711
532302061950468101
528928692575928320
718574954903502880
241533521452072960
478956879192784906
302477404079652864
355785539032580098
291446533092671499
442590664329265154
348848110044315650
705734909062545510
617298669313720353
704647579086094366
617714748342927380
441150428323774474
277474045971267584
507245525075099660
328598776266752012
328538159921102851
311558881589460993
845938506202349598
659363023491956766
363725172810842112
262302427733164032
277003378046009345
545385342086414347
486165893538250753
423730380483461122
297541897713352705
301743745806893067
637531286923116555
510820378181107723
420237710066974731
539437495620730880
324627506739019777
389031743002247170
552905244539879454
276331249612619776
402100025183830016
933793713644240966
303203296078725121
500757505496973332
431866441457729546
856847328043859978
358946592797097986
633748098996371456
265878618318569472
337306028670713856
558401245421895700
345187616041467926
361394285108789248
717854948590616680
672135949546946560
427022571263754240
743863228034973766
612680950437904416
347394456305270785
485002978605006848
356388029499179009
226661295221506048
256153085150232580
361803250711789571
315176466474336256
450994494247010314
376281555942768640
570322857129672705
438051218246598677
318188484093280258
306817900050776065
321503048272838667
275603994318077952
418399609115639808
468022672429678604
585935462519013381
365789593045303298
492411014789464074
602699792363290636
375285627136114688
600599945304604692
305426584376967168
539727915533729803
500599935377604620
357826149105139723
520266212052303877
576383562492674064
235045350891716609
516628659701022742
249925574573817858
298565769032368130
339852566592487426
709667757339443290
320095158702047237
383255505545592832
449167559246348298
464860880513925131
670650386507366421
396290770618810370
272003249756700672
432848663438426112
501319466995679244
287833745787191296
371006907684487170
748471697530683413
294908735883837440
330135628694159370
706468226971729980
694502837207433237
511240031780864003
368386428595601408
320679467372642316
321322708191281154
216531208966766594
470338113252884483
338015600225812480
182185846194176001
312934873474269184
395269428947714058
230799170859040768
729784762671300648
603583280675160075
747734370135179264
491899716989222923
356961312720289795
479622792485142539
672455484804038696
409417310709743626
266539879846903808
339604052809613323
551027523996352512
701307539236847626
444834923342200842
392664031464259595
288972768513490944
393397284232232960
180288372781219851
252102712299094016
304321224610414604
163758881720369152
211137667801284609
399707432688812053
383294231776854016
550621852452782080
432199748699684864
271363002857553920
713989801409511434
326468343295115265
281833236810956801
834473370812809216
223951218408423425
259680332163317760
252203961187172352
397525929498247178
276054013508583426
331385497190662144
920409933344825404
347662793199058944
634809743994519552
304362044155756545
203844439293034497
273306820066410497
441525116090974209
429554124229574668
317707472468967424
698556730098843739
657582284529991680
221229685126725632
343031977697345548
278929961010593792
289779850544283650
493008334417559555
469816385858699314
539468155559608322
248771044368711680
290492923735441408
411212794734706700
635839284393410574
255040167008665600
914356838328303676
265040389193334785
172687564371656705
209164365625163776
893943043659563059
676431391776440331
422357013763325952
308544299291639808
490929758079549461
102327262933684224
502181233120509987
256780516492050432
632970963440369674
781625702642483241
689871643518304275
475773740593053696
439708667638710272
256923710227873792
246958376246968334
342324138586931221
283582910966267905
261449954239840256
816005089847541800
919411669795495966
808686481093689354
244800258532442132
697727425584300082
475712551746011137
312577262564147201
285766815219580928
873539981870768128
887311715606364160
872949604751126578
145871536882974720
696679537861197895
167591343932047361
473057272986206208
246621017303154688
635181904106356747
388324872926789632
925991170469924884
747524094022385704
162306092087377920
336827501416546311
567708828565504012
851193526628515881
399267049588785172
854659849009889332
469898948274814998
280370952288731136
669742736290742303
437618287979921418
924339260235083807
738062993056727060
920227775208652842
466289067005575190
926845575431864340
301331986394644481
233972653201817600
559657005472677901
893466136346230835
322714446608859136
426443840929398794
387860157478207489
452054595137437697
725362156912246836
451105451346624532
885592111154618488
774961298982961202
571759764212678667
813726025090334721
732193776109617223
512990401234206720
971471401498341477
483899072726433804
442273922675769345
638754702087159845
957994405938225192
956630632283406397
292352708462247936
419092004450992129
329995845246124034
943206120955191316
693684529688477716
307669776728195083
808964978295701514
264015563871879168
201865540715806730
498186689848541184
940620732382195752
283500999715323904
478321260481478677
298508737868464131
863184133604638750
420841258806673419
898807529600061500
936128471971794964
638759707862892546
259726077830758401
256387478376808448
438443210776379393
599781849354731520
850459810453651456
321345495978999809
155149108183695360
227430549826961409
202817066275831808
494970374572736523
594083786107650081
368042049083277333
769777552734289971
606584791239884803
294882584201003009
253218457838026753
587705094137446442
341246866572312577
697092461205651567
948012200776319077
899647690093248513
648219213055524883
403433423924101120
954360210946928650
319063517565157377
421238318102085652
728263325640556614
597548267076714501
326383803696152577
926161042470494268
955909313048772668
811675820186796084
244291923748192256
285760784821387265
865338876175712276
525909852518744074
979383289779478539
465932068984061952
556260415173033994
933369350671458384
381416432518430720
971837366245392404
507100833364836356
402021331811565568
470655747919839242
941300826142564383
812722899492405268
954067301798387742
522369811318046735
329897917567598596
244459698965839872
226707594486611973
680469425744248841
848570758992887808
429630027450155028
599018027584847883
448953018851786762
705029947185692753
386475122732826635
710039441657561099
989976236677808129
367681598616764416
468141824406454292
565203936311771144
740943969214791721
410471007141232640
663672704247005204
934517207344488558
955211553911734372
464272403766444044
341606613427290114
900863932955263006
315926021457051650
269769663280447489
880110521494413372
370506027767955466
236852030994513920
491769129318088714
954508841842769980
247336710361317376
321307698312511490
885937705362530305
398516483669360668
419766825602121737
235818255195963392
279293544714338304
847915248500604948
790310096319021087
989292076246118430
721772274830540833
925435892846452828
366226346487185410
270233484235112448
937408985437442148
454974600887926806
500350462848008223
715864319694471169
966659832910344232
731852786123145217
624292439020142612
810137761792131113
948315851281555506
798630736890429440
293056906589765645
859811266150400000
723872396435521589
471630933250932738
493387515697299456
457208692518027265
562613299146129438
709004516850401392
140750633866100736
469379054878064641
559369549078593536
980823962873397298
324561982240063488
413093546690609155
768771724023955487
720179543725572096
852810301937287168
872091140587937894
574631625816539156
715523865664684092
266182656893517824
348380170488512514
536199734302474260
992033344214810646
979815917204701275
500566118088310795
875150279073488917
922543713996116018
235088799074484224
252128902418268161
483377420494176258
184405311681986560
614109280508968980
679643572814741522
634695585508884505
960321957298077757
960476036221513768
742452812717490280
848561111469129758
627578252298289203
