
594909629788717097
304609117387882498
947763003300913172
659661238305030165
311527499337039873
304830582054191106
422299172025401344
292959107399417857
910249624919506997
919937887733161984
278467317837332480
424260619466964993
567434991282290708
912567444906840074
798152066567634945
934333209846628412
272710368130760704
939746911609585687
966831492099633232
576741627713028107
702026856559542334
575388864458391560
803496134957072384
627585872715317248
834583650497855534
763038342744244245
275679163971534858
217810788901978112
182435319247929345
583005252865884160
805494499983622174
968520609430642768
391834062307852290
671446054964822046
410649186711633920
381198651269316608
540596172008718336
606031506909036545
932881080388812820
393750093012008970
858132613490016266
464164891570339861
507104257741422592
361411779777003521
291008445128245249
415314663853785088
278162416150511617
405409830761922561
447005329733976090
904265553441591307
613633121178353707
658832515611492372
760953454943797340
738421269342716056
784405713115152394
860651895109845002
574024296511307790
211835870016307200
973613531423445012
612358224150265886
734828241873010790
309907661174996993
661892481876492329
260121514869784577
393200846525169664
501949394774523904
869661490649645067
575776004233232386
472714545723342848
547905866255433758
996471207543193681
310848622642069504
239631525350604801
464272403766444044
315926021457051650
736888501026422855
721772274830540833
977665971986784378
478321260481478677
499595256270946326
