
707658265189941268
852720037155700786
247110936115150848
267384111579136003
919694521443434538
312412790382133249
937042059427192852
967061310464487466
245869415277527052
427013583713468426
296414482538823681
338753686589407234
969232363827630090
289363217933795329
158028097642299392
240921751293263872
1008995691256877087
506968446521573387
466965815351050271
712978076480307240
913101366984052816
441607950625275916
533276850659655684
390492311978508288
474938795243077632
968541682876420127
965930257154727966
406111362595553292
133293816223367168
253548059596685313
855426169406488587
259353356705857536
861856464771350559
1009472944608641114
631911091219464261
867045133975027712
770233457955045416
939849161849831424
320266056482422784
334316474737098752
533037052153823243
367022143264915457
257607782314934283
907236697295683594
968659447725563964
392366708368867330
507875841095630848
882716764436328528
959118685488959539
945731573318287372
723524604836184146
152574197816754176
897838782458495046
696433730012839976
597717784041881601
767387183614132234
538387793190322176
712070125385154611
196198663586971648
376027217962074114
781625702642483241
575984626309529600
1007651517228134470
288411256698961920
774373345624981507
710749655822237699
619668781941129247
689299834351648786
398539728506585100
925208414433460254
712684594343837706
706566469814845441
253179993998229506
630340572468477954
968191884767944754
990727389267001404
736541558756605963
810907764824997949
414413128340602881
400325838542995456
672840313064390658
743815685053874230
720398573447151697
874566956223725598
751438403282796616
975172803093467196
898561356490502174
883360459376439296
784461383961149500
671009342400495656
733283600086204416
691961103386673203
552359387566571531
695540536668323862
879397744106700840
878202728491388948
277929466947436554
774961298982961202
234963624769093632
840012408831213577
212185295897100290
807487608686510122
965676375178616862
339444478802919424
283953384808120320
528247450666926087
385850719149883394
560723387291402240
987323811219263518
163758805048360960
475679074115780610
628143946329227264
383286438009241600
969531405690359869
360759908372840449
535520639201837086
585447402555703307
964576821918203985
227783216654712832
818747443550093332
399888731475017730
496282247876313099
317928440215109634
870761507045146697
341976964103536642
285061255889289216
535830259728384021
901402582264721428
1003779446353965056
333216680555577346
228943382649503747
282520226761932801
637760109111410731
452818665419571202
685796915983417379
328274414309343232
732114195050397748
826271701515894795
778357782964863070
292280833400897537
289166550395518976
709529850301644810
430716053186936832
523240886877028372
315501283899342850
265141700148592640
571981787933442050
666709374848335872
160367893190672384
306801948768600064
662275292198600704
401785414899204096
353581999904260096
229141141583298560
772438313159360513
308308608259719168
591199744680919068
828389284885037097
668332310743220237
263248495954100225
103058869894266880
279008733407739905
668836155965308949
351817338473021440
820762409899130890
855167584818167808
527492042864066562
303886283540004876
892098809629380610
426839599877324802
503593021783408642
711528146788417536
548758142729715712
225715534715420672
229198293941485568
303279962516094977
522415887526002688
793284216866734082
588772545172340768
765600837568692224
321712193429307392
386790200032100352
741058924610060351
368471958167355394
598888557037223972
706978859249172542
378319015862337538
269497911061118987
367634874435239940
954312643655630910
266514432635437057
688175372776505379
287625054781440013
488708039801700372
331146944133201931
339142489300664320
893466136346230835
988517586805354516
534008414787993610
363431149361692673
815181243511341096
245654743404380163
536860543445893129
182061458165596160
290156487391838209
608003935382274119
373840679425540096
954819835659960362
692087094180446318
419756172091064321
550352967409074207
729065546393452605
681894619453325413
782468541529980948
791773503489179661
263703261817733120
920132358349410344
989885766790443018
667272858585792532
660879411490324510
674258007315447818
353832954998423554
558006331785871362
913897265767284776
384549827293216768
335863394739421185
409772630581968906
424143517430841344
413343066808909824
368077998030848000
414762276705402881
482953284240408587
590611574121693187
295632856498307073
468162713365905408
229266846023417858
245142953088122891
422677576398536704
506473249572519936
806301182389125120
566517415551434752
593644160779550740
359314364865445888
704313609089581086
863875524487806996
131787243328241665
273544046318714880
475325910007021572
144820414059642880
318426290703302656
449682900141735937
377861436929736704
614535551827181579
896513599764308018
441912111308996608
209044739721396224
431872977605230592
517398688130138133
329908914940542976
715587591038304378
700626627968761886
363928450354118657
435732856288051201
391246287296659457
536602688985759795
313126465183023104
272318460074393600
649944190813208586
552904564815167488
874255573720387595
295174572125192192
291917904126148620
777922686445158430
660863391413567511
427473210750009357
768491713210613830
371163489445740545
871874130289512518
686195754812965015
344290870637625344
977197760551977000
764547021465714758
304499608766119938
963478641642176532
320981285226938368
283238790082854912
423160939228037121
268179115117379585
643073399371071508
289647156292485130
432127455927468043
872812605213925446
259592619141627904
311830968073715713
270638039146037248
210403550814142466
548499937785282560
615538969689718796
425953930162208769
372834417472831499
679314399990906921
492329688987992064
804770497584693279
408281940505001985
1001230367283486922
455743830164242442
498182052194156545
500773014972137482
163653997281017856
387191105017479178
287168967418576906
251752528188932096
514846751392399363
369208607126061057
819778342818414632
314230903872421889
478321260481478677
235148962103951360
966771583676977203
302050872383242240
115385224119975941
493224032167002123
575776004233232386
155149108183695360
547905866255433758
310848622642069504
159985870458322944
574514950215696386
268478587651358721
582914294216130581
239631525350604801
409822832256876545
282859044593598464
728310780105195570
526485456980934677
464272403766444044
315926021457051650
284035252408680448
498201601786380289
721772274830540833
472911936951156740
416358583220043796
707045569713143829
442135070279729153
977264014906237039
357869780423933963
286863936660307968
527908453902057472
922524302081945600
936204233965965342
903965518308995082
600386768943972355
866292766157045810
990951085088858112
729298717609295882
274903248861790209
606075493397299213
486551091262128129
642699356423716898
638371787549442079
404351466896359425
457165690168934410
995009797931942029
1001495830722785351
300517958026002433
572803844170448901
824313806086733834
468104015687843841
579549817773096960
845744250049003531
882626556973973534
543467811217997824
268291210110566401
400057516341460992
612283312135733249
709154013735550998
920014236917313567
747914922167500800
840710220190842963
704667581738516510
384240781290110978
995211561692045343
915661429141557258
434770348773343234
426709842758205450
708293142599696406
694254368563789856
296340439487741953
423248795481145384
865900323968385044
675378546847514624
264557665034698752
317290807155621890
709434107226226697
352710111317196820
718533659337949256
606467939008249866
692001943048159253
767176288086786058
262512438073622528
452589374178197526
432244933370445854
632500678253871104
754042601707143432
184723778142601216
604537543895285800
483696491769233439
891026800770162760
241156243970981888
453454352439574529
752874701876887562
295315617592901632
420975097944211457
571702819720265729
966653956392636427
835464489162768396
924638470201303040
449167559246348298
544601594394574868
808002540838584380
820724803459219486
226413243772567553
269991747159982082
624114457819348993
472004117133393940
762733786416807946
515089158591479817
972848479015665694
772592072040775680
311105854223024128
186352482828419074
282122094324744192
297349937354768384
926208815655948308
497056696628412417
301441728185892865
364491958246309910
767431835151499354
704904327025655849
979651967938887750
927244121817645086
828502708147322890
789272866016854066
611105674344136724
701355902946770986
632685963117592586
454968740220502026
811718474962305024
406859393729167370
363053429414821888
240502790953238530
678281416403845141
792069837496647711
613261506972483604
698207697119608874
239543124794277888
519165862888865793
798528481897873448
456189074538102805
465573174294347777
957158298111594498
941551709447127090
854395606877339698
709113360192634892
423352118796222464
420643164420833281
173872439657365505
463700738418278421
581793815380099082
943273086357209180
603979730559172631
304609117387882498
426671151477948420
775092491677335560
211823660086984704
652163033069518858
446357114072334347
256793606440878080
696735790272610355
527199573488173106
442623510901293059
762992580010967041
394149841804197888
358637017736806400
286234565725650956
533779533870923796
434348218537476096
659462792503361537
549536088012881922
293413093441011713
449896829748772864
154101431975149568
792404750028898344
793995512709251094
702499353801130045
876966158924939294
946164872004132905
550541805700251649
820269551471689738
494165661594025996
909091659403362306
935493146299740201
553091016316420096
258211205397610496
905886500833607691
795625793178959875
762186541828669440
279647550435360769
716362981583224943
819497031043121152
319540403441500160
947977654190100510
529811101487988747
999501100359102566
947763003300913172
894319705454706779
997732555656794204
979731011258687558
648527917466386440
715621621154709575
320876081626218497
488404600907366400
531560935651803158
842135727830728734
426218155741020160
542664667634335776
885228923015794699
621858354171740197
232031640640028674
554339387521892355
512256279062773761
682512851423854593
935558294209175572
220168532158185472
229285991012106241
457726972458565644
601806094301397001
317586946979528707
724604866453962773
651537126504136730
371894616640847874
416653085591470082
960106857354117121
700053160072577064
553639841448067101
779278542142701568
538049236768391170
975065932424704061
1006297919844008017
963461967178240082
703335601512120321
529652238361296896
381508853340045313
919218631810904104
376673162919804941
291170487399350273
319126251812028416
605796714988961793
507461098321084437
910560029973827715
629185088571310090
336275095397859328
545383008279199755
829757338113802260
426069903921905666
367295529832677376
287722212444733442
522855336756117526
941618309399445554
547016435524698122
678257185414840320
614401385496313918
632296208550985728
852609128421523506
690987458749399052
659088398547419164
663444746710286350
709633793899757629
842839557409210379
445720928509231104
385289928218640386
771451581857136691
585125374053318676
344724016688267264
562642607176548367
611944014953971713
497011552646332437
680469425744248841
692627603722600449
685403348723433484
657891308886556672
840237050401652766
719981965863944374
409714569427288077
794918842270744627
946371234583699516
798212710328303647
993750136238899272
411798852119691264
285047005049389057
272080638834769921
881138544880521216
500313074268504074
388921357674479628
409673525297676288
409124089371033611
924247911242551366
813380126729437234
851330852763074610
290472441279545344
992137820690993242
783758725152374804
556074345282142209
652617729240465442
279670896367763456
576993958501154826
491671054415036433
795682262770647064
494874754126184448
728880818239569930
431035165847060480
868804133916921867
774918818011152388
244731440250486784
938692380079587378
269731077545787392
800116618650714133
814870504572846082
885142188432973824
771058139020787732
304520511311052801
864002372945838130
979315610087469066
574297013923872829
534652792590041108
804378494380933141
295495594087284736
575960158581030922
691576697174360084
339177572833296395
630842315233034280
800768447898189825
444838515360923658
475001303144333313
292717562649903114
417313048294981652
662723221598109737
737274204566847529
969611047944192020
291620156134653952
261464780919799808
856558845711482931
878681507131175012
406546597930074112
703980718199537804
490899181737869322
535916896487342112
855465511625162824
537732282597900289
301344495973433346
909484017550753813
878958131860897804
574494306669428736
399967525561040897
872461548294135810
196613001665708033
532980711830061068
916341696168591431
401435854079262734
268387721528082442
894602987207532567
386491228033908739
406341422594260992
916337271576358922
555746215585644554
652795847985332224
807953099414831124
855805489639194634
492226684850798614
270560120641945600
879675041355300986
656103265032863746
883261075913592854
624310761484976128
238720672812105728
257932831588745216
594299185990205448
484796200852127746
145408420592222208
636588070279446557
323431878306824197
283975473648631808
401362896249946123
260398846318870529
453502690216116225
414598468607148041
726517537348780092
842328342358523935
905053492153032715
947164914559107082
666666923655692308
259743260161998848
226007372374474752
988124252945399868
641720396260966418
665831333708300318
849924885055537153
370127455110823946
741346884920016946
766685205103640616
704670433680687176
718927665599348779
526119477083897856
797913393033510943
756200476592177193
711425558227189802
754663677457727598
722502868866826290
550573975386849321
718871533728301158
855039600258187264
925003536360681472
470726691275145216
965512052695253072
923231923457912882
698871891888177182
860432711613415454
719891809379287110
324647138422423552
830182527633063936
775068112495837204
908683750320275486
600260710634881037
495105406398627842
409040659237044225
313232234092036096
199492993835597824
319528492318326795
772155317143863296
344856889525534721
768789139318374410
688686837224701979
341178435474817025
849254131868631060
453427338944970756
755831126295183511
656850745454362634
615993431629758505
800011192063754291
958830715171127338
275328743487176704
483529942068363296
648571191464034305
363351461465423882
608364407780671655
585772908400345089
485718690982264832
411547948531449876
529994173861068831
990273386540306522
767866253972209669
652433406000365570
618054007612637184
600203283700645888
332446001342316545
955839202505945168
978156883829456956
483241303375609886
224799427381035008
664541142305472532
616326816432521233
807462539746607165
992086263102443571
760379653512495124
696246031473573926
627820055610130442
620175280161554452
845411888836771851
582512055530029056
634069669527158785
887736929171423252
758015193765642292
299807110403850241
927305138643804220
539829088894844930
322139802885685249
906597837981220906
772866426742374400
790915259711225878
752479930373373962
707519810963112017
694080246210625546
264100137880518659
617710653271965726
975723039700447343
969642359526666270
345888221105750018
509782615470112770
824615436301500416
939107842881892393
751861109752987728
752152313350586398
440770918722306052
738482680429281393
592314284596527116
650708698414710806
570960115159793674
400002277659639808
801384816016097310
772474162660900905
552803002269040641
552780254591189002
648008957046030337
911665984237105172
182848165463064576
679056504132993066
334763264909246475
562302885732548609
564203100919824387
935229022550491227
345939313269145600
597317677979271209
218343806490116096
879623939935043605
500692905447653377
287327476525301770
853563310057717770
308511591945732097
414319364385538059
488017697955905538
296994243514335232
287635985573871617
112884707296829440
650717776713089053
502615601244667924
429723916987138048
916144052368461936
795251368070873103
641318713219350550
559104827917860966
871796560340598845
905392779843235860
424247191226548235
454648323203268610
911624862240501782
626379015472807937
615943335437271060
395907957935570945
658897638984384552
843367472462954517
843894588674408469
413323877138169867
852227410492784661
323935225899909130
644725186070970368
662978946995978240
410848380818948098
779703935031443497
878012779083218994
465480660748861440
475549408646135819
602109117259317271
606607870678532145
528229733348147201
877779890718515220
551474290394923029
834030871383113739
890435629991755869
604785557557608458
826079152498540576
648535906478719012
549981326888140801
424213710563704834
588286525310238720
346741996913688577
555317028009934848
386484859679539203
649813316092559361
182185846194176001
843214456874860605
733066148593008640
890690365433192548
395269428947714058
419796815760588801
431105047858905112
309352102759497728
708651854581465149
402392876841172993
857243888757637130
488993563930132480
565536019810746391
630306388568178688
