
479744034517155840
348835930888470549
349297330924552214
267909397538144257
330038866163793922
715528186607173696
363355130797752320
433185486782332959
589951809435467796
643500601820315673
429546794691592192
288708247547019265
480994009184206868
493398146936995850
294907450249707524
538382416793042945
380052978070978560
256516064593051650
774160607431229470
616312445019095041
454277338478280724
816691839523618857
721672858216169493
375645762601746434
593013867286757377
515883470283866127
532188960047366165
222425341388390401
766002103498965052
922524302081945600
520056073193783300
628935602351505420
854347078376751134
595011600759652383
593973438964563978
831460620913475586
675554530787590167
885722915490906132
456115026538004480
781847015097237504
658002706023186484
488477587652476928
645294573979041811
290856656512745472
513386016045006860
447761329982275594
295548928835977228
591958206796791809
584716344570937375
544819064825184257
603464049530896385
194477072410869760
623839917860061214
218335627559567361
223877407369723904
302472741309644800
843159460927373402
903258725685547019
307090292656439300
395155377660100609
313607170791047168
411600168975204352
687663201047150640
695548922747158538
860992546360393751
677466588378562570
247044859565703168
471745576619343893
541902860040929301
751274254007402525
637001784396611612
388368314281230337
587150816738017288
298157962122362882
379175702311731211
806912162899165214
359079800037572609
607522896046325794
598438387153633310
767080860313714708
240913755515387905
419475206814564354
941684368240414721
528249511236206632
758296712187084808
411498271786401793
662966944558874634
505747278636777492
454182414965800960
329546951181729793
300683816199127040
610024733861347349
354236961239597058
368362020573020160
929386764131508306
247362435466395648
289814992566353920
894275453173506109
834100990134190080
667822870243835916
490517023902662666
675319976671838209
335083888038641665
693006334081237042
652192443529428992
662350304754401292
631851948798246932
684798804637384735
287626031454617600
354149165640581120
460816911941500939
321583928714723328
433552629587771402
317242610819530753
582197028034052098
348919188070334465
624858915372269578
370579029041872897
402179563855151105
376713266149457924
760402182859391007
204561548100894721
797075663252750358
690476938107551804
991025710346960906
475167236575854622
586975839166660618
544200120925814786
167229641088696320
619403840525172757
652076476694396928
249487528242053122
612230563587424288
544558812820930603
649637583768387634
613802660558143564
693088379520155648
526297804440862731
878667351472631838
569026907698626601
655517134054621224
792030270533795840
187230099756679168
405072750491861012
561795113253339148
366246827139530763
759063855434563604
607164246685515777
253552529000890369
530045624150786050
482618417770397701
268136648288632833
866142879054037003
387441263843999766
459817285113217027
491266051124887552
580732457603825674
298162233286983681
608294920188592128
559279812468801537
336123344627957773
954192907181637732
495491740518711311
669146305347452939
932881080388812820
781828210111152140
398835301352734720
289641963676893184
499990336559382550
652817563927052299
345226999364845569
452909859629694976
488077207634444310
848254472474984458
974559972924981248
543741963648892929
734767676726968480
280313005739081728
341114251131355137
594809374665342976
704968940711051295
386080940767707136
427114430925373461
595529561928892426
732515536432267294
525021238356082698
629355764758085641
358229507154640897
546638299238891540
358272758745923586
783866031029616650
412083482362249217
590895441755897876
152751033804783627
230024930412986370
350771204870766592
271574509641793546
251761968564666369
316287134636179467
654303861267365899
530049839212265515
439824648470003714
697468008162918541
667813064195833882
381715653205426178
392262218193960961
696644069878792222
221273173172289536
353476334908997633
470990657054310411
448553580622905376
443391145746104332
730863548179153028
559999649516093440
927137179149430806
817737043273842709
306130828482576395
701478525365911708
333313836314656772
319003379823280131
400589158487293952
394839541179088897
405006273545764874
447780159584731136
318759445893218308
502158369969143808
528097553468751872
423594498900230154
145580917728083970
194348856186503169
530270144212238338
477202395231813656
193791102598250496
722515490219622470
510791462397673472
369876204154519562
527740719927001108
350299168641646592
725393442733162538
441607950625275916
539026197531590658
676382222143586315
295595371550343178
583968197871665153
600368081956503572
256001732474044416
855101294675099659
784531565795213343
363285330100486145
532812921202409473
890757693042741289
409588823895441412
421773030327582722
870549616041533450
662977606580437012
425707318869491712
466998962520457217
520335712189546516
655473543437615114
451651374179024906
497776889855737866
592001630547869714
526832271840378902
466632291117039625
747517957126488116
519906160162111498
614428759990337558
637358650477903933
418462133383200768
952265886700544050
255682309158600705
367194265270484996
693100324629774348
539079580833677342
609683210862854145
740252011202871397
391929448573960194
989326343294554203
727083529544007690
595177351357399059
428047179538628608
152148806702596096
545964681039446030
414452656946413571
323860116275331073
652822145113522187
463430945131724800
988790603137552505
805424184159240203
343749611145527306
496238245244436490
460520075254824962
351029155820732417
625188622978777119
342577926698434570
294897076758773762
678538412474630145
590105957997215760
446549528087101441
584097656641552402
727580098592768042
686207559945682984
506039365512855593
290453694884085760
352907141830672384
432865419255349248
409438526942216192
686570720628965403
511593700250615839
549984089399230465
408626225599217664
705957596124938360
361001880991825933
326610266395770880
621960333203996675
740773239634264134
287801721118523393
609175039211864066
390172591014412290
654698144097108008
543031512313102336
693784992840548413
341296168640446464
450982548705640449
651275210515021844
647465218330329099
678955730153504768
512781432964513817
736278714458832896
464334251245174804
383624103896023050
310848622642069504
432610292342587392
240254129333731328
235148962103951360
491769129318088714
651095740390834176
302050872383242240
575776004233232386
464272403766444044
478321260481478677
612285534458609718
410138706490425344
758592094964285441
268478587651358721
315926021457051650
508391840525975553
860929265905434675
966771583676977203
882530895662313482
860929136809738262
431473294097776640
861183549330685952
861183891675152396
861183713622753300
860929008719757312
850022358055649301
