
465805471786336256
941684368240414721
855101294675099659
673116162757885962
617092988044050442
861014312294547476
634818840542445580
115385224119975941
850459810453651456
500658624109084682
932881080388812820
159985870458322944
721772274830540833
472911936951156740
281141933336690690
850022358055649301
883785080378634292
710196694322774036
735516689030185090
980969852451844116
461093017735135233
855887239358840853
645848457264758784
961161720385110086
511411692870303745
955694398212042783
724217024166887425
890975541593767976
598822734725775363
988723203520233513
967771514474754069
510616581362155531
934112988439408730
703609368771428378
399628555429871626
881489615612162079
503221230007091222
967986081951801436
665572226975662081
982240757748465675
866094476954042429
726107256705253457
866413186874081301
810468465764597790
978696126305812480
961885886709121024
730011243041128478
679355300591042581
911457158229553182
951409730276966521
960878669235101696
370562967483318274
926522049587978310
851023801261228032
957580867910389761
967117842094882857
700083020333449277
505676905949691904
707514447148613683
985861351719178310
834130034733744168
966019612128985128
974557640032137216
369113858910191627
983694992130318377
808069237126070293
875385504512761896
850769234489114635
874257155170127925
986016033578029128
774947322442416198
957711027594731641
973292695231533177
237499203599728641
954651922709770300
919618703962824805
974946407523967017
801422389908996107
828965331648380948
966706409142120478
922949356129230908
969898134933229578
970753227668742204
586542602392698880
538387793190322176
962088572175908864
307838552308449281
944611068666327120
923610104857772116
996719977904214077
849992721677811713
721275504128426024
989822083565510676
869510855920861205
772838007275388938
736853019282636851
974559972924981248
845738757465833493
510142883244802048
642755345525243934
910040312976642089
965571423403905064
919853983466659870
874302162996457484
892745661370482751
472403364551065620
958464691540205660
909562329178456064
829310327472521216
976225966533795850
856437106791678013
990230138778173440
959568186913751042
889477549636337686
599214862488567828
686926890606526504
845335987546751018
733657825821196358
969490176684462121
665899531065360461
797281056314490909
501156902349176843
609810254632452133
970391633155731526
811511933063659540
996386387668512779
488288687692578818
694847252945961020
937390118371721287
872546532359028848
741574547458883604
692653227505877013
781871209343090759
982718423878484018
612900540661366795
988398856158982194
958440829867921408
926575157030559745
861514681781059614
520015346141495311
935928013349077042
398096929340522496
962054054832373804
993896381175562432
984535379979948082
704776549752242217
690348451241918615
768050639045132288
698176175490596984
981481249342365716
955074010549469224
845191804223356958
996874271907401808
981955006716600331
728953084121972786
396688592862314506
959079277226258442
990651143073984632
977936583502204928
754018970524450866
964469120185811044
789904508867838003
906182414961889331
861690682438713354
996549772901097503
339761657657950209
968531976967573504
963017336082804816
988516351247282249
959903381533630514
733720601310658662
830691466547691541
937363743292137553
570174219321606145
939611121265037412
419502842693550081
826511578294779964
453933605132042241
676795889678942214
888482274692194334
497384192359792661
465144984455217163
854640457258893322
824457395689226251
526113792413794316
977871927697887283
989326343294554203
815887142717882389
815592100459970601
606589762446557204
978525650916872242
970680580037558354
377465527439982592
914138134621610014
996451708068692029
871158331052523650
962045459654934578
596807495679344648
942526616918192128
924390083593924669
745911248356507670
815280144326590474
981672750915682304
684014829857800212
934106167544803368
404708518235471885
855318682593787924
689771871633145873
810038096535355432
771462763385847831
761552662880976909
255008758483255298
266595678577360896
268897513774383105
294462197508341763
296712305964482561
310764095764824065
311232160885506049
316672102617055234
324119306285613056
334032195536683039
336513385871048706
338804298496475136
338958246813630475
341649324083511306
351464250520371205
359390907935621130
368700551048986624
398697463571152908
409431726339653633
414329423492284426
415158856986132480
417270557034414101
426110727808483328
440199772616523811
454998772418740225
455649544550612992
458212127807635457
458652527995387919
469875750342754308
474042685959831553
476376460962037760
478243021251674112
494788063541592065
513090077409411094
514811761686478870
518686911179522051
523095148448448513
526146459112964098
531208221126295552
532598161156603919
533973275487895552
539009732736843777
543057197865762827
551503808895647765
565922270904582144
589366214074302497
603995581685432320
607993040619175936
608410006827696151
609087983265644549
616288160049135671
622448259281190923
627036145796251658
630769926356992021
632585541761892383
643511328224444444
653230652271099904
660569870009761818
661555352646582295
664928485482954752
666594286946484235
672842441493184512
674004158193467398
678680867442393107
679382160217735182
690570099312295956
693592155301609575
693833646737457193
694125811762200596
694277732774707242
694298227633029211
696030247061028864
696692100464377907
697773807267741706
697917751502831626
698995457212416092
699184472729583666
699936129276706938
700023242102014006
711194433089044480
711849885984489553
724971969056997446
725653676374491206
726382252895895582
726574866702270498
727457521345888337
732187160853086329
735314846064836669
753308861355655280
756854705770070036
758360668658335787
760553192265875486
766938453996077067
767496657285283880
771369555699302450
776422248545386496
778164260240752690
779676399094726656
780131738164133948
781603070840012831
790794811635400724
799294081981218876
803645275540946945
808197499336523837
810033199174254602
815620907140907028
823832656982048778
824288503977738281
828354235149975643
832514078945706064
834822718338760734
838820495053815838
844677514022354975
848877275201404968
850757540962238475
851420298812063784
852819510346907660
856145341534699530
856272371303841852
856678251640127518
857890139962474517
859733202506743819
861342438907052110
865318893979697175
872862823426953236
875485146453774397
880344451883601941
881159213211090945
889440995857535006
903357107145936958
905358499691778050
906174135909089300
908452855575355433
910861152341356564
915249067746021457
917667474688843776
917856307246137374
918878037381095534
919615392316538911
920234846629003295
923939404601524285
934633069330182204
935100871790968843
938120981459927050
941221322330095697
944209039749951508
944556277701427220
948380992723357726
948994468172927027
951546566102118400
955837611778388049
955852536538091531
956142193016438796
957236020112404520
957832228438671450
958304433161252895
958736316185579620
838857453441515580
862135411404963870
794976259460562944
717727312476504114
866768471551639562
689153891413393565
919324586884087809
653267200714473473
990341055444553768
686969612771917861
404252554243866624
966743680390144050
844272147119734824
964053223608561674
980515421876793364
673280746873684008
941721472144121896
543520445358407686
969666361498402917
856583047204700171
958251116766842881
543415877463179276
888090671037169715
555791722613833738
978268819665608784
643450688403406848
847434662011469894
971838339009347644
605045081636077568
777908915785957386
984045609235402812
557641146856112149
815980769503608902
623953429395537941
959740235669970954
509284497271816203
821966049636515851
936251846945828864
823446581323235349
719821264562290699
409698727763116033
889841871201927178
