
961298338878210128
229193488200105984
547905866255433758
369208607126061057
733257126457114654
848889430622208010
841273168768401408
872036176343736320
664426143453151233
392283080498348034
920677195976941620
725328192461733888
986672209177227344
973986090790826025
932285212434509874
832913102508261377
751073258715217973
856169698449293312
939289778447351824
539801025490714654
800784092764831764
924646459079544933
807629505966374913
979412899204317214
449999839292424208
874960120814125066
922013402606473246
394841069403242498
641346876045787157
515170629150834689
515970413864550400
375710212746903552
878259851199934475
496740020988936192
852947708477440010
886653613663997952
679745712610607118
722014929095491645
808268430159118356
641950694206865420
718779758367866960
448398650603732993
857907345371430923
691995673138298930
473903873447297035
881614885933428776
369173761376911382
759695634713804801
660032482137341972
741572529268850729
630423529317203969
770972200928542753
739826235206664262
772700765235445770
615837402396753945
697135353496338503
510416503221256194
821610696018100255
939766462984372295
836832068007755806
453476740895997955
464416048528228354
685012115274334223
696344971321802755
760723599253569537
510448315171864576
722325094688489553
805076487412776982
794533192911814667
730001918633574441
548879390650400808
617037866215931927
614741267133497354
734673984603291699
905073972922699828
420641045609578496
511904244346126354
865557864382464040
395850743019733012
543748123294695425
669095013153636364
598117212561211403
403564037356388355
730340266078109737
690113805447069716
603143539903299584
495931703744004099
485399674862305303
356433323926749185
470185340490219532
669914185391407144
843196733315350530
665827101617684500
432634381643808789
669465168513728532
611790626660286465
664544130290024463
630399688725495809
962686399478386688
676291389235134466
301005460788740096
647306994109382670
555833323205951489
960589763662970990
434618653728833537
499636888672403463
578611577679249418
757135233920270397
539093489720229890
706734632288256020
770590398296096798
751356776875556904
921670114506571786
948542253469663242
763763742268850197
942994665894973471
716645406544625734
643028198048661504
866292766157045810
606536806825197600
954427255692619796
700607258446266408
521008265044295681
854021418693558323
724721860222124114
695604547724247090
612973082058948618
457804126609211404
675091210712383509
550397202686672916
673499425330430013
852818756312891399
877985495781625906
670669964591497216
722403822127022150
802517992747040778
722521836927189102
866611026467880971
672258563598581788
792125244117614642
647140424917450769
778214061888372736
767079786858151946
378896548462854165
687653796301766779
404173791087034368
730708071315406898
432450043291631617
464469506073559040
407123387916353536
721650742607216700
306497418797645824
431140709223890975
699867679699238942
703272202543562763
429717995950964741
696278610042028042
901131989904670770
298095875954180097
730318716721561661
506146031797272586
650629153283899403
531680684431900672
848192839766900777
591614304072237056
708316940632064071
571020100702961667
816298905519915010
788373755067891713
748048120931156059
912160518649823262
626018904061509642
479501085984292865
524520050476974082
688795322180567083
295143645940547585
764025472257753088
784093468372238408
882890674029088778
826163959077142548
817311296823099434
684004614366035990
894595596109905920
361567034514866176
958232087389958205
844860299567693844
576022018106064907
682961453313163317
407165284022091777
310848622642069504
315926021457051650
356065937318871041
302050872383242240
681770687614156811
551829966602502183
499595256270946326
204255221017214977
472911936951156740
292953664492929025
155149108183695360
469481948062941196
285480424904327179
478321260481478677
571370779896446976
415773861486002186
694462015057428481
518349826711093248
700061502089986139
396466836331429889
720662500118364252
408755653839028244
896277018847629342
270904126974590976
458276816071950337
456061188648861707
540940705846132782
408785106942164992
915126559952740422
725180843072552970
664495592428535818
569958821011652699
954638528782950400
715549693542793319
813664720942399490
649992535338385468
660342649365987330
778283533742374945
770121733742133270
676767321225691146
426731383751442432
583274433872003073
703667207749632036
388347784128102400
667783869109370936
554364253935501314
718174161096409209
873395337971253258
776083857530421258
955915055042555924
725651220336869386
291286318401716224
745270030652014643
566946170950123521
675356375185883196
828273721680592976
252091689580101656
509725586545967104
806794388327366676
332292659567656962
553656422580092953
620665555288064061
707637289185968138
861522863704899604
769117584678322176
505146404017274883
536162008832278530
960529699916886026
694464577232175164
335386849092698114
569889326360690690
868538614945042432
777507077328994315
645640673265188864
561505761591689217
303079296577306624
731444775013580820
475248348396519434
388710138489470978
900292420833529857
745562614930604073
348486803998638081
777159358000660480
858437795206004747
541564047066398720
930933010998657084
595576582953893906
643927322487029780
703974410180362290
811313554333892609
795704466820825170
740439433664266291
494155235996991518
873393706298900500
794233025914863647
771721547869454347
688648107331682334
827418604370132992
777069751045980180
779561534254612520
967677233923784744
839875356047441932
757291386272743476
921750388753989683
611580141889650708
770305450171170879
981920804608557148
934707907302400040
450601743508570112
531456027745452053
347094644460617748
339726331174715394
853568426492690452
513555432300871705
873394164509843506
617029130373955585
372081371398537217
858669322422190120
897798367726407700
873393915594698782
544815442481381378
578496390037241866
982337342671044618
408882259748192259
601789024277102602
667395041995653131
549266338489827336
623559139737731162
853148110724005920
444445884562800650
727584768685899786
829644328434925568
976484511170846770
588408113950883841
545520193548451851
481805828085776386
873394351529689098
660446894803124234
729007712280510524
631898317478952991
520252559462760448
624657489215881246
754245408485670913
838410654741168128
828278329621741608
917422056402997298
866749523601784851
915576358455898133
574620544134283274
911959164044058686
780407153323933737
758291269515870260
656103402203512832
428616657888346114
954768053843951678
607999505983340573
816766554896990268
677194993361879040
938919606746226749
828502708147322890
594894194967838723
690495876573036565
214584326757679104
760022742103097355
795264494762721290
700709102166474886
805431015409582121
708729238433300750
712657816690622604
768558356759445508
548912437206843413
653952657857183767
535885431749738507
249226884347330560
446778413550665738
807330732502024223
426817735952039936
845285853458464788
465197720865341452
635832958527209482
780857788459909154
642017980766748686
368192637347430400
471419402366222336
705102245141807244
196647900191653889
592708196859248640
678281416403845141
517447209504079873
751019695569764354
919113477602304061
740773998085799948
478579173200232459
614133607396540427
759371752429191208
873394264032292894
644084073110962196
717675243656708169
490409172333101056
786310137525698613
351649351048626196
923622025220730900
558155800078712842
685471494821773331
843892895231901717
873394205169438720
873395637981442079
377812138128834560
979250497334689793
816419621237817394
756938639795290132
719488651519590422
936896998446104587
626465329865949184
508948992093323302
843526145164443709
519011292975988739
517905418215882762
544785476356407296
613026013282041863
917477233130614804
550594317660585994
458647121042604052
279597541887180803
416512227932241921
481526734945124362
979250642386317322
484469396182663215
873394799477141516
609068052977287170
920018895841140757
639759087009267722
992002816950419487
352712234922672128
689123154312036422
590852434906054657
692983008545865728
582579608537399306
933775953535074364
710027151432351767
554376070917259274
484459084582748161
742729718134210616
540234510105837598
851539680855982121
643763632802496533
785079565218349087
523142868248821763
427824666678263818
933507182958346260
308537160124989440
536235649767047199
873395202163900486
748560791762108588
889905131435479141
727866980761337866
666625866356359169
676028449856684042
441289639261634590
467655662432944128
814211873850261544
385136962442362883
626123970680324102
921768111051522068
729621335520706562
679668355518562342
983646691842474034
861632190604771339
662645577116286997
371407079795326976
420592012866355200
914546197857988710
667645238730555412
805711950372667394
496757014995927040
566502970095566850
873395155087028245
873395303070445629
873393589697265704
767715013678071808
944950446416605185
520591844057546765
865111709206183956
515596630880157745
334184042545152000
983358763383808032
841515702284320768
590597026337521713
754691018263232625
543701615979397131
177494227918389249
611092652078923796
673884406334881834
664386837065760780
509466900711997450
974769103132831806
795214505168470016
521391968853557250
771019492129898526
343461848525307915
741376779918508193
923200212707721217
718761157443452939
502895952580050944
710385834494525501
774600210935840768
502123266790391808
462188181312241675
680745570474000414
669643618381987872
745533037751828631
507118594350383113
796936617746628638
733253186260959262
757992644625432736
623504537789136926
883424804248617011
363628595832160269
964499633315414038
857680319230640159
990706620541579264
617426999174234151
963818713960837160
889437648123482183
373188042237935616
867726711578689536
790239470758264852
694446115726163981
657681856149454878
944426031312433172
776167311736307718
894319705454706779
875754511069749318
720861689779585086
930172314312646727
976535694329659483
932754513096507432
890911245891416064
512673573245288450
320868590217592832
393788661340307457
881222497205374977
873394815084167179
574606214579879938
530032329515597824
880470262267662397
796470545960796219
449849209215123457
691343770914127933
411520899364159488
805864095609782345
987531320152432710
873395180089245707
741320116934934589
819539388655730750
572429564790308894
467064836023517194
357548873553543181
976164454620344340
528898833271488512
515224863116492820
811940702123851826
625242635107434511
508703063540891649
962003667454672906
506365245498064906
503572929167097888
771092788644151307
473530229298692106
600333756917743616
831454826277765131
707857179121811506
710019296574570496
696682371654615100
497440652032868355
631903001459687434
945175764226146314
709129723258732684
659290446282883084
778324069983977512
491986805961523210
719201276549922957
813427412834451516
512922233522618368
721961723296350248
349591148014206986
778285333447704667
691377678850195518
465960033058816000
630283954733449227
592409876181942396
804411306471325697
924680160618377226
976323411812950066
884120863992078346
544837160402944004
853298175145672754
454351302839762946
979253488032829441
710926280228339784
873395188641460275
922519210037502023
545847261867802654
505072408118689822
852983437984268288
888758178425237564
380337488381739009
705047066140737596
483352141432619035
797932305216962610
899325606351740948
751656954556055634
852855422045388830
728261778353684595
794509550044708874
872033561178415134
594580312764448770
799252902795018270
898957174003347496
972420337696391181
703949893596610620
665494406475808798
812233991205552159
714371063701831701
933467780282466335
932567985737064459
817373094833815613
587727679646859275
732901894380585073
639776395261771776
954037318824636497
438775703018799119
761887686314557440
561933162960125982
675051062461333515
713068738580185098
912701865303621702
452870961814044672
708888678835159060
840521188437524480
714091351687299142
534005291109580811
593336102761267211
292957889155301377
164738257865801728
810920342041526332
553236528562700289
506472596200488960
786531419341848576
708320948519960578
690724448642531368
635073082897465381
650661424611459097
890534394228523028
560747428580556802
540911996074328106
517714124420153345
562561140786331650
938760007892222072
733400002575073322
696246678981705778
528218056636235787
653609626381582360
697905383502512178
858766630481690644
744228299118477315
406476199867449362
613725623453483039
653928619021959177
594600088026742835
864127649109639239
402021331811565568
618542679961239572
529288322670002176
752479930373373962
931971916087050301
427826592220184576
873396156376436797
513191387743649813
530326107275132928
451198819783147520
686111271266942987
296533453560610817
731067267965779988
610512452991582258
364715047341129728
873393717195710474
860169163594661919
789429521345937408
820681648256450561
689883714095939657
834829004624101427
531611869144678400
444399533397508107
871809251058802749
631176210323472395
773917305578455071
664427093106491402
573747786110205952
483172990888968214
927966364998697000
976491498927456367
654280819426197524
775299227650752555
592705589843591170
854813277086941206
679038063422472193
672007799298850846
691596247009722430
706139276382961694
603608795469316099
470284200214396938
717367020210880552
566668514640003083
939318481210470470
704256907308957808
736410981562843176
767635033350864896
768795968761102366
737730507332124742
730342649688621066
683616178861768734
756868360628732024
948488576411238410
696639864518737950
759646854127419423
699110078954995727
407864918566502402
475547630034878477
525388558144503808
530430712478695435
818123928430051348
623453503636897802
776438923290345522
723941769309454407
887664158194167838
619668781941129247
692984564506820629
450618894403633152
775270096732946443
593865487910305835
955161632139522101
711472883402276906
664390896480944160
860115575752491029
265991066010779648
688318587391574016
807349281781973083
476429577653321729
772907219737116742
395139121946820609
530839680321847306
874283940196790382
647806546276909077
981749273135841350
905837110202888212
350681489207459841
830767057590943795
911899082820317185
486501602706980866
805356081991647252
854381714486591500
718044083716882432
715179641832341514
528833113216909343
975642278846685184
749218275589619762
741237087709298718
292869341269983235
642688762949664788
361049981966352386
339846864386129921
705909654080847912
428222686276091904
753974548017184860
698929616152428646
873393908195950592
583214659276898304
448033624831295488
676483067069726781
659394243424550913
872086333764538429
858304380570566656
717757067682775060
939431333984342046
735481989334827039
893891474842857552
664521472764805160
690482238495916082
700576641159528539
692910063614034000
873399560163180614
492732232566308883
899232505843044373
560395866142277632
711197938520686594
707254681038225448
681157016856952931
970284407682388029
802094599555383306
629219462976897034
853255610170474496
644920545191788598
820350577066246145
862050622559092736
692347513386041374
395456524753043456
732165738307125320
989305911162068993
513294601453436950
887387661797576775
742108371808813148
918944945929351189
943841002920235019
423829630680825856
782863740831531040
726790320393551962
428206673161748490
581109846833889290
713110564049518706
768441990718554134
311189462396698634
477542755766108168
690080182135947279
461593534642913280
853682492543205396
914156550476685382
245518878220746752
761928932412096513
723085276716466226
720872043217682496
646356820771864586
438230510800470016
639824192681934858
586123437320306689
862693515033182218
527386310047039488
300983566374928384
299172814940798977
598469132773621771
952558777494827038
470154487151984640
615878720695042089
538742773830909975
853232810211147776
753923335649230938
399493345640054805
690938456125472779
295115055291301888
693072747957452861
710133936855973918
963078150399598672
822852166317244487
737240112886186055
725108645502779452
700218887823687761
602169443279175710
353954117011374090
744557281311457402
655289112487526400
929971823364407326
773533579576868874
873394221971828737
681406316178309151
802551807187746838
873395231201034302
696679537861197895
498036455935836160
368475331679748097
478942613500592151
652514271489425459
842749933799079956
645354226389614615
692056830792433786
938049413123833928
920044548661579786
764173342701518918
859314416942841857
547400267264557056
610085066101489692
537281574312476672
300546072676139009
896430085811355678
862968234331865109
922376280878506054
923987711730253846
686066747417165874
450620340452851712
731101381380800574
760002500278747173
507891755916591104
433160007547355137
841896705041760286
664036593182703636
818496099626516511
892815782713634867
877155299272835092
391639073607122957
600800848741793812
602176653216579590
589719729405558794
975251153380081775
802181721104973907
908281876635058176
636803583706398730
612261962578919432
456797345539948544
925877065503342663
391946758051069953
979796511137341591
919566060691275847
657321674009739284
724953381977980976
560134864238804992
502417506745450526
919989809785733140
795256378389823488
289337016972345344
655460293710708797
949204104318689311
897165989777666088
771571501295206400
979201417510260756
951884439963701308
778331252373454877
752084984021385287
747695811286270032
727247824160293054
618707626984996865
854083964132917298
775617888740180018
601039632750215174
688395479284842509
778523618639478814
851138338760687677
462314639523446796
724568839634812971
563051980587663371
692721450179887204
555383189007237130
764089342737776640
871776427480088586
574255466427842591
801431080195457044
543397104572170240
936637708154073159
756263616310935565
530475066664681492
739736651420532768
409612882322522132
987531509089075251
972958845666222120
615888342579675157
954197224617816146
903644719215697972
937288063384715316
718909758928847243
660413358553694258
800571052475547668
724615893753266206
690991963230568538
924186093534973983
906447023350362122
744127701698215984
873393710082174976
558693325020987413
853274142206984233
741212451986604065
556750274925035526
707065241376129054
581102808309432339
836885140013711381
339658887047151618
608692860203696169
873394228728836157
518103514967441418
752546966055157861
602194445353353216
534789516456624149
873397366617686047
608269786597818410
925275032928800789
912735051538632805
727609052825256049
577549698668167187
676012621530529794
760594127003320340
742871043219390494
668194966182297631
768858606685650955
646051146011639851
708797106609192960
852629188095377480
769168428468142120
551061560940953612
775966278233882654
840219394810445836
744141399275995188
655442951312375808
834763057354768425
855178721697464360
664823412262174740
404684989167566848
494874629278531584
844283391557238785
770915002965950475
368759773899784193
951454103769329665
743091826541592708
942068157865164862
723901321723510825
796688894410096660
619613893450530818
752226516024164524
885381963513495552
913136095724716032
751330136594579557
848842613864136705
979440747365400607
587943692766150666
544121629890838549
597177306842398736
463685122143813644
692450664697299024
366171755133534209
772766924803014687
881832034014756896
701123930936836147
678225170682609685
465847592971010059
878544588611129364
764130726962397184
771685119115001877
935457174115713044
753303807156551811
554710745799983124
517984094928502784
748496143276834876
914488451305439292
724242560436142100
587200828893298698
846232496123543572
591878237278306318
824329219386769449
945312941257949224
662130637087440896
537351495549452288
938094963533701200
966267546695241728
869158281392820284
679999751881490475
752528726163456060
593966064438738954
678264245401681946
491318335053627403
470205153937588224
730071094018703423
610854103664427224
743748838195593237
787307364898177034
763312299263918090
969517378645942292
585356029211049984
926424247428063284
552938956568920070
922197411441553469
747341199609954375
287940303594323968
631875372123815941
944854949865619486
637614258422677524
593401402810957836
729631172161699900
751076702658101348
934195141185503284
925377623843041320
746776375951622290
650184259746791426
607240611174678598
773612306579062796
596037616965779477
503537334499934218
414109071843655681
662670835286540318
907647898500603904
853167560489304105
812693652178468904
969234553057210388
689867392687669352
467647283954057216
427435085323829260
691672835898474518
833996615559675955
942803858235744289
889404953246986270
659575236089610259
574118000110731282
926379437321240596
469751913790046208
738038617267634198
524570822178897920
543205369648906240
613968253852581888
368060840383086593
893026123443748904
604290087467089931
804700787594887179
529235475463012372
495492920472895498
764358483276595200
906502341572845568
728647331058286712
977305214254215248
714530967280418876
796076509588094997
488777174640492554
655004831500599316
705006551613833298
336397378271707136
912302537338679317
424165437815914527
610507369360916500
715843086957281361
965858344411758673
707990961489313873
821454807390224384
685548029683564588
723516602468794499
902270606773473360
849623944201240576
822898262478290995
832316068655398942
641226402213134347
616896789949186048
735963577122291774
410138706490425344
597308100248207370
879292878818529281
757623795564675220
628662030542438412
538089144400740362
896462590765580408
724878595809345577
792029357077561354
538734557130784768
572482186578624513
936604371616157756
464272403766444044
575776004233232386
428157448906604544
951152761645457408
491769129318088714
936981445359067168
411199324895182850
740200073929031823
710531053718208535
727581414416973905
711595082322804798
533575795965165603
679003022654701604
479244297137422351
667086539096064031
377110881735016448
907290725727760384
361928998915276832
199556201707470848
872361103361986601
488695566411497482
968543716778319963
549156808858533889
675360479476187186
856196804256464917
416475668541603840
940471115946541056
798853292167004171
799784228064723006
432802150536708107
434876383555223562
342881691284668437
411582424967938048
811253153219215430
708328191273730079
620243978411048961
736636417916272758
676687350734127115
739897886615142500
929673735592628284
834477736381775922
418068359746289664
439447126838214657
632221557971877929
778291848891990125
957249205737500722
414022398212440065
698974482433441862
842771807597494293
342699684592091137
678136862011031572
547037594010124308
473869836682788874
510003917371736075
834453295119466547
526456228285644831
538434999809081371
694546283418878063
714467769445253132
979700747568549888
715198843427487744
616949083470299136
544501325401161728
478596127495553045
650023442321768448
662290053372051486
782991947760664606
562333700449239050
558401098029727754
929777195512123462
905358710442975252
747824769818427434
471639496065155102
960066190846345216
739168698786512906
525339715264577557
742713394209095820
828663803821948979
662375827064750082
464094751700942849
613078003395592211
707832269120864256
763042636922617866
691542833961893939
629634848163758080
761550672474406952
826868181121368085
737288604337963010
442277646764867605
479577355971723264
985666756708290561
593382872098799637
907693243146321920
961210035613081601
712028302637924373
516134419019595791
794209330286297090
710839083429003284
927611332864380948
981805029231038545
676046902432759838
498531752093155338
631728470518398976
647809816663818240
693164418317680664
722501507697737798
756915153546772489
808641089925152799
697763894826893353
910486337809961001
572460500219068417
691717542569443358
757570923858493450
868464833421533205
349955812552212480
588424516179591179
991578686061027430
819106927568486402
769883874897297408
697274687180242944
367198381245726722
857587237499568138
944118730131136593
826347574390816779
519559028297170964
851343528670789642
552848824717148215
831900918312075284
930507982108762152
842375460049649684
519117258635870209
678124692623589387
408597635847684097
707610338450866177
782245137643864124
646082172901523466
647489571721838592
736150984719597629
714847758233894923
545576758666330147
590966715626553374
632932585756033035
558158083776315402
768048818151096335
831949156658446346
764174672093773934
484394041094438942
385450600558493697
775374324630552577
524894679183917067
385444920519032842
628184297819471894
828497152816578600
534763224596217867
759788904462811216
690174898458591315
911980002747236354
322427419271233547
691700190335467581
342311393279606784
895623047736856627
615321285932613672
726412122220658711
853222399435341835
725354714249822260
528864747353931787
931647440250105906
690141872701571234
840290467488464907
513700229305073688
823180471633969162
323512096350535680
507864536448237569
543424345318621194
661151624605204531
288020950530916352
642641348184244224
432199748699684864
680453534348607501
