
964134693270347787
699173493677490208
574160533062680579
631067108750655508
365779758874886144
518440934120226817
397156569894223887
695917955279486996
216503853862879242
600295918494810122
419108189829726219
696708923075330058
415092954336854017
622702998790864934
850022358055649301
436515089441488907
184405311681986560
234395307759108106
957362412699414529
310848622642069504
298822483060981760
213466096718708737
817100304192503883
424226042882818048
475529774819704834
430704506905427969
559347709480271873
594027680857456658
513756763837956108
544923286824288267
923779236114866247
623427889282416667
695922530271232000
833708097100316673
908986970439569439
301653586410995712
941972441910116413
363957156526948354
738455535946563589
630287769301680138
745265595489976351
713711938802286622
852816708203970580
766949810061836308
452776623276556289
456420274502500360
708983237753438239
536935855252832274
658544506651541524
599507753110732800
355251014590267392
329085098492297216
376296021518712843
431042037610184706
947370539540955159
458338166923984906
885443056516608050
852589096697724978
571046957535985666
421727790702788609
