
642735288052875264
1002016710397796393
932881080388812820
861520443387150336
794665963890933830
850022358055649301
715621848489918495
235148962103951360
302050872383242240
493224032167002123
575776004233232386
184405311681986560
310848622642069504
368521195940741122
464272403766444044
315926021457051650
458276816071950337
292953664492929025
155149108183695360
478321260481478677
789751844821401630
987823474380800001
967323300797771786
743757939441008690
993110090523623435
958369442369253446
729288151641882684
606140059913027598
952857994528452608
996126925149974652
398056847455551489
520930063974400010
724484373755199528
703310411797364766
679735134265933926
995776063961571548
886134845082849290
994306171236261968
886190036561829889
627129042650267648
997518767036842166
974965886920323073
999760640870711377
955445671010402344
985841708761759776
997494182069420072
673209774703116290
809862447649259600
690828675976921098
997837321628028960
989096722477232148
654315983825010708
983394854782500944
681533468978708613
719201276549922957
995011714108112917
557569263540371474
993512109495300127
835780287836323852
704274891704369173
512342227947618305
924787679047077899
991271413233229875
772510926896889858
852961877264826469
694638555569324043
885131059098963998
593578671638315009
935069985670311966
705030120255258717
862050622559092736
929056323792941066
425900150293135372
715281777010278422
944670129956991048
819775434455646258
869254630620667975
541215566611087361
980774939680456725
815249118745460776
988151934441627768
997454019968647238
858672945878138940
593789956196139037
556750274925035526
426014416514056193
932711261278466079
988818147110944818
957204548802461696
885770690345701406
728595178050551818
610761234756796426
849696216627675177
997392590280331314
519947565274234910
769617986603843674
844589155715383318
983452998053277729
714108753477238874
691917973618688091
996546481282629692
960859056103370782
997042993250967604
772032626885656577
779282592318095383
996658756098203789
787247109010882572
992117809238786160
931216864158314558
398088034848866304
820351234808086589
532638173503815700
727996433336107110
