
289041666373976064
941684368240414721
432130338504835083
562961089059356694
200889820292055040
308906067675447296
542495644133097482
711248892770910218
262982159764029440
368441914309214208
515486958944780288
599302434724249611
326680784704634881
272496226069643274
282561477435719681
599639154543820801
595166341648875531
760453308988522497
474555090758533121
754599374083981343
988015012616499231
830119795269304380
302365837195739136
287801721118523393
657128263747108864
198526561710899200
322703077356339200
908630424048255006
282901775907028993
516319044320624702
266542346638852097
493432634018365451
603565791513673728
297417034747084800
414748298445062145
511756671555469312
298530534777421831
459000105421373470
612406484369670213
381511134873911307
780506788600348712
409631666114658305
694215609814089828
775723868869361685
366138778584350720
545015058997182517
311484245417918464
801204863911460892
532548410868498432
505123369222537219
481712292958961666
859041635840294942
198873572352065537
722065665246101514
342954479043477506
408946701852868608
368105878609723393
310470170822967296
241595932964028429
419492026057359370
451724892573007872
630839449328025601
343710087363428353
856234665870229535
694073301605023744
421013462131671051
974722429547069450
680079198123196474
384250255601958912
415130221461635073
833424630017818665
751097955922083890
878012779083218994
680877439215206409
545616219001061399
340073531868184577
521008265044295681
731085863697645629
404252554243866624
880415311394930690
607584540348645389
831999772747497501
566589822521573387
583688825646219287
261413606044860418
595695372743999720
344083993823543310
313344331903664128
745953346682093638
545555922685132821
556563181246349314
736965102191902762
546371548404121602
406206808785682432
388653953715404822
604219690138468352
621021866655612939
290557877733818368
285822748989718529
464472728641077248
535893826850521088
730073703114866788
414104240940777482
421516779119181825
294135216543367169
348143940173561857
357921483638571008
724981781660434503
515891788796395571
886002076226834442
398866116463689730
345052956263186435
807183629406175263
571416700965224452
439741171062013953
468026459609628682
579300450466005023
526300669443964938
737399443917373571
505307004647112715
698929335004037201
610002569183363072
405411031255351308
405396270719696918
476710158253293568
430418904712609794
830565960859254824
701482646299082822
270552031901515776
835868637205626911
426417641352331274
448063309640499211
794515647400247296
290852922152058880
498159026979471371
808680445402415104
407057861026381824
595630971450163201
380813404841181184
323100491775082506
378582822165938196
974045237938913380
324942984330215434
300964832205864962
405669590929113088
361463288527192064
826060835972448307
332767772897574912
539773730260254730
724222743159242782
807861107313606676
591958206796791809
693491854129233991
482504937826287616
483222786018639892
391923289943048200
682983346782863360
345956228192665603
377792258919104512
434960528427974656
789832971703549963
526428054646685707
404635562708828171
898824055430451200
632624521819717633
269816597361852417
466187571429376010
618120367327936533
338974445911801867
329136266178330624
428279584111329280
894005182571110412
472886935338352661
198754550516154369
771740823548198954
424994989500530699
395127043479699456
218687321799786497
421230639480832002
700063549065527446
721090570713432156
148420069746147328
466587419869708298
282865123180150784
899263985566765126
243855870704877569
455462741751103489
443472016901931028
709788132207231070
295159356759212032
791018364616572931
307669776728195083
264746253022134272
297686764297125888
403170451775553546
306376265940598786
697011865422659628
685146647558488078
582932591238316043
283569580197281793
759396828201353226
216926379722145792
749550876502261802
482779344163569664
257604088290607108
853003601060691998
685544734701125689
719440625661116488
350649689353486338
352496159153061899
799664877379256370
284346358876471296
283208086196453378
988092449916354590
398547020278792197
269066256819290112
574097104146923531
538383717568348160
674373818298662940
406075442802589696
326736663667802113
738427380867137577
628823910531727393
349487651738484740
793660475774599178
315210084135206917
504196133556584458
532256227418308608
660065757425565698
493089102858813455
237866422716465152
879447694211444746
209124348752035841
683688839306412198
368448521688449024
528257636253171712
352699216591716354
295531271776370689
525262717372858409
403897824065880094
410553130456055841
500519668583366657
960721594592948285
520218526007558144
251056991017893888
458876724789248000
657186659183362052
376738867425968148
546002497479901195
456667985692721175
372820826053017601
211586670619787266
330234321661067269
281815713763688450
317653919285116928
364343754842177536
686198103950491703
762287744625410088
321609152877297664
422478652442411008
428139970071363584
671750864041410612
569096876746342410
393367779245293568
267386650135494667
560152937159196684
259055650871574528
244123855411478528
255299986479120385
334888481543421952
918168356593483816
532186122135142402
437787144724021249
437166437275009024
329572469432254465
925451120732688425
304623765810053135
358501999211315201
510739082557784065
322417931352801280
663367185250385920
541235557146296320
292676277826224128
516177655607984128
414209065397387264
909467184609255434
842818112926515211
736843056984227850
913773775869333575
807548898548777002
285417905602953216
280681724541796353
489819667247136772
516254370682372097
280282012382789643
338415566626750466
553497653669920820
304987740657811458
434702783724126208
204517332574404609
986331135128784926
687037321488760852
835452980966719529
817502995205324800
589144975820980224
899774281376997427
285796248596774922
744090671614525450
410064552944992257
402480723984121867
739867819130355824
551700556931006465
789693845091909653
696298914311176192
352387963679801348
967738029466878002
427011332433248256
470324477046161408
686284998977781842
311549129819947008
654934348272893963
705506375165411400
557522581784231955
899670166231728219
889905131435479141
897835374104178718
537312788645675008
306707380228587531
273481949199335424
766177968677847070
688820175142649935
358622439896383491
943112325186084964
423890981318819850
890439862312919090
408759053854965760
465770551676239872
271616088645697536
236805457237377024
397138851258433558
408338787417194508
298490004823605250
235437876710473729
520130272470106115
347458295792926722
392334029929709569
436152381743300609
695226472863891529
243850654097997834
552530445317701652
835145103110176819
273472973053231105
946899573727699005
258629724517957645
349826487458856962
320271843208593408
736275192908742666
439394415841116171
569191820546932736
442395489930051614
374097745989992450
605052179862126617
710492292217176154
958675403239727114
797175864831770644
500039796404650014
604911144028602394
687255569702453281
550349994260037643
267324070725419008
306502725749702657
985128602460909610
811469658698809374
256420984658198528
246979383435198464
694182714449985546
943875114380955748
713141677308772365
436881465402195978
489427586045444124
818154445170147380
700682324282441729
573409913691308032
704023684444061726
804387521466728479
315374058961240064
347330617236652034
932872198073495563
289371329801748480
348415478445637634
326574913521451008
323078602575052820
531462251165515778
465666899913605132
825703520053362778
255433400943378433
976046450603610194
267985954252390400
602070462608048129
347707445348401153
535451006503354388
818174786542501910
274554654149312513
485552485629689866
676025471770820629
372443391251841034
607582216851292172
255635643797995521
452054562417934355
950360046238322708
768064654345109534
229197750531522560
272107577800654848
538850207040012308
558299651195797504
355383407875850243
275355799482662912
366887038856724481
270192704229474304
767975343541583932
840457385457877012
200682667325390848
318712859506769931
939499797361094717
473430720505839626
368690170553434115
502155810655305728
462584352304529408
456003729053843459
267670765216858116
500678124279824404
492246846031396865
265507238116982784
726208933617860628
398005004889358336
658129698252914738
900970738096435250
327652754078171136
538714801065558028
471009474862120960
838020852384792616
536788591628517396
997164354095022141
295224153131188226
358277617452974081
776714253012566016
249943496171978754
315903049480536064
150085681673142272
367298564080271362
213872136736079872
544537403604467712
298162233286983681
410476160489881610
540255377812488246
295788082668503040
516480515063414785
384310196832305162
253309734172491776
315422565969690624
503583455301468166
783370612273446922
175131871930351617
668802752906002434
374229053567401984
362541368721276928
416679401456140299
295171505648697345
701814529449001130
280025209338068993
349081771998183424
374468283975598081
560386166885580800
851744341050785802
282929344089817089
369784010177642498
936549893894471701
266402813129523202
225689577224929281
485440585671507990
745869090299576352
377083030776315904
557131467961139200
252350182832865290
898914016083202079
624187453699391498
984200723057221664
623140873084862474
500635847042007071
725829181384163328
467087535500427264
409035336958869507
527853929950609409
771778978729951283
333958049188544514
440766501360762882
834746803080790046
526733280805126146
343312972665323520
438974990524743682
458265005465534464
339405090790309900
974559972924981248
214696111623897089
468760757702623232
374288171867045892
532895213148962816
826567361611825180
269823750298402816
267051212543623169
412077806877671434
841270076304523286
429202639411085312
782565386830479371
860253276217278534
479544448959905793
332968769339260928
296341621040087040
575393803800805376
195823116054691840
447108121362694144
603234692719837207
362270523977367553
851488401944477737
535373073247895554
495199483710406667
499832855367647243
737647531248320583
315034336439042049
503470221764460554
575313830012518401
655833152039944223
855549786824376340
660916429453000727
412601436611018753
307446955859247105
971431270414438542
687634918221676686
868771678791041055
277366715447377920
301401177285722114
299625401083494411
411882342962036736
328861941382512641
409679626621812748
614074458688454675
485093968502325260
562628423202242581
324561982240063488
619600598932652043
521658538427285514
757307730175197320
292625689402671105
375211901363159040
428830206829002752
703690752294781038
145305557119664128
636280756368310273
606415964741042196
588278091332321281
986488954704519229
592053594241630250
651772001710637056
697084343025139832
976019118136373319
246387888369958914
411126981581864960
734449117329096825
266637671898546178
240762554354237441
329968973317668866
368027339197644808
488424002323349505
654106412049367040
979371442279964722
502862594265186315
379677789462462477
462468378586513410
454292983421075477
210485246381129728
461545814968500261
327155802534051840
578960415950897163
421979327991644171
347349361300340736
412083482362249217
422382673462558721
492392292095623169
693379576218517534
971244976799375424
439120819298500622
407612311432593449
858273278435131392
307914480371761174
295278330842972161
802273547615600651
539789119627198468
477013023869894657
516265578965630976
399572145900093440
458724472791367700
559969249993555975
874040836512415754
406128080680386570
886122546393653299
654368179388284928
335782148365877249
699207244360843266
284726347555930114
395216822561144852
854022276974116935
844963335111966771
416987118397554688
673554486702112778
725260887350575145
935907300462461028
904744770642006126
792976393952428042
887998697131110431
448783787732631554
353472537247875073
686156301730054165
635343023995224074
833741143669342249
385942465925873664
256506474807820289
554055651324723200
342005934576369664
426798342790578176
551665414921388042
640664469063729171
307715417135120396
660548594448990218
810670524358197258
264796462766882816
809104389863637002
675059454852726837
610926483673972765
273105719119839234
381118787656744963
660801049526796300
759128208229924864
743534805999681679
641300788034928660
442261532617998336
604302889547989002
754985998408089621
253930342652575746
402014592039125005
538337798974079006
294880034491990016
338590367853051905
538646243207806992
979257096073805834
272373268969947136
632557560267931648
481823364353228801
918147205620183060
449940088604983296
243392263030439936
748297966737162310
780788599104471041
459421078855483402
686124910854013075
679591770765525012
930455450590277672
385634227804176394
885271773724172288
254275128387436544
317225438793695232
845331384167170108
356475155850985494
535428164806115328
401042667942707200
713362213817024602
160432825575800832
855465511625162824
469141263762063371
459659933932060673
896462511744901160
268436939013619714
313949558390652930
614198707130466318
949102456464367667
566351947549114389
630357062043303946
187925703545716736
305052129389969413
420627898362363917
926871114976731156
769142576468590593
397158757441994763
233575523886956545
840956080183967815
639886845139746849
494947206999179304
593499812981112851
860841936289136640
612219746477277184
241983280419700736
419419972981489664
568900795488141353
521594671542304778
954192157252648990
913879224111202335
301919373365346305
379962085859131395
972726867322888222
358270681286443008
747048985566642177
494502365760716801
475580796019671041
639092742760169522
309269410600976384
315079258664075274
287301753236488203
325730178225668096
438273827261251585
219483149321633792
363660223535382528
435862141300637708
561984448787382272
799656219606122536
297403063281385482
524251536419717151
902965995503779891
907144793862320170
697891480156635238
373847433526116362
704797121915781130
342522597826756609
667736228933795860
442660359271350272
247027375831908352
696582539082465281
271232406919315457
393827275574870019
518312333244628993
451616876020105218
660569870009761818
295632856498307073
492226684850798614
195481236091830272
439433042113855489
324873792864124938
703553617306714122
459409038837415939
394537229659275265
452864537214058516
341882228982153226
291990446278705153
703891163928592404
565557718883106856
411202582497853440
416088007754514432
280599241754411009
940958836095868968
516266925349666831
616139802601062411
328552677590040577
545559492503535626
309611949765951488
416591837990617098
674522776932974592
619975428852940824
825373500020621342
449996684278235136
520940583397883921
416248475395817473
436130390889988096
135922966817931264
440078079994626048
312875780470472704
706248140801572864
473777503576522763
583119031700160522
502837664567918592
887380198755016704
938074911153467443
607439225452757002
381585065291022347
854057543810154506
392206666885496833
559272829703421963
543706120037072896
933791450741764127
642776738258223153
315152515870097408
447475588522049538
322653905970528256
696394765960347758
926538414482923552
326048071949615105
420244309116190721
577813004490375198
811557679025618954
318339797615902722
480770671173959690
888720701274587146
347759203294773248
944622924990656622
621710672857661452
956605533102702652
569822158939881472
650226803490816012
793085715553714226
562326582237331457
584320203748409345
717268149132591208
844155627411865600
710462840041111623
386189084089122826
484411660551847937
846063574971187210
453887215676817433
505269263272116225
872121799356321793
699933164461883413
657658581965078549
523420696391581706
681954084567384227
539512604985524226
541565329961254922
834742117233328148
922879257598910475
909397029103497226
731004922530627625
630015193245810688
447533807940403202
474088100717527040
388845549832503296
541302920176599075
393397915579580428
694617772629557288
748960041796632690
660410354081333278
959862014275125340
570709737545662482
264723310061944832
466897908319649804
324807038070947852
660754031505047552
318738458778796033
422364981619720192
707823418753679480
570262754217164800
430815126178758656
585397782244753419
211016496070131712
846850911661457478
391522685441671168
321596102262390784
610740874871046145
560132566552674323
740976053891235922
296647645991272448
664872638971117599
143698137180143616
283838937284345866
485483101288661032
576673816596578316
856956147424821249
367194265270484996
404698745482117120
987701122951159888
390523654485835779
203884776128643072
447672911940288522
271602560304021505
254943486875402240
184287048406925312
536857111846453258
947655112258641941
262717635874127873
544600069408817172
639910150219759649
290945012202733570
470377503756779520
462886229214625792
536210900751745045
298509786809630742
780141334551724072
298412920830951435
742095646999445515
869211076233945139
715867507256328335
383975226343424000
296343823909519360
968456691748323348
908386487974899803
594432808110522368
474914161550426120
664005671162871828
404658008883462146
769945619590545410
320239161024053268
642364446261510146
458312568516247552
954704183943106612
897543823654277190
215456102794526720
940956563445784627
869248464662458388
451317321084960769
706547843477012523
726314580044939265
402406205718528010
544924299249844237
440934422217490442
876460647456592002
925981964073328660
214977893040652289
721080196110745641
895060389304344576
102110297883439104
719599992238506127
680494416950984778
244481607849869312
407811518973870081
454952776112537610
403464760827445258
309288440057561098
703246692765663233
476206873054281737
286191780360355841
560950642156503050
911389695857000539
855954048263782438
459742757603377182
805424184159240203
425702468190470144
459048759339515934
485485298189598744
679249487935307817
429567045965709314
296720893604921356
671282656608124928
245983613223567363
360470870885531649
532248682083647508
315484049273782282
267977061082202114
411929473177354243
455060870871908362
338948059323039756
852972723352895528
541282067150012424
319187331540058122
345255220168753163
315532164101963779
344979270000574464
931835243168677900
484401655727783936
385789117113434112
531154874503790599
293366928209084416
533043582559322152
469940687396405269
579453062268059678
424768461802176514
885053059695255572
901580586433544212
366867267700391936
299512886299197442
522042996116553729
767329195973017631
377855982631518209
489039725819199509
775998908752592907
718124182822584422
329672196719116288
400302539565826048
690914588354412578
262502548542455808
510459012731371521
948116148925394955
401069137885003787
831110341420253265
510707706374520842
459839105057161217
199994400707706880
393539493661245451
420521912196661258
677197012449624095
283239543379853312
337342672001826829
530354078195122187
618379557551996959
555794507694604318
345524116826095619
741588730111983688
420597048698732544
879288784485769276
700709365279228084
296011369164308481
655879591512244225
624946828923895828
451678759112671232
722883130851328081
216906503410417664
848943690193043456
899915209630679070
330518473945907220
386824716700352534
624859605616558090
503605638484721676
718830900447543377
255712839841480705
588741086294310950
446903917360447490
298446063784951810
907484827715006494
702253603792093214
207883166327767042
613203882138664993
582322865488134145
588323403853856788
222756150494363648
215422990622392320
170873041637605376
577869269405270057
472256047768403968
526077561621708800
259997178766950400
237990406720192512
838021330859327508
265129159611645952
396300683059527700
408017956304322560
255683913572286464
776852605837377618
263625418966302720
697438441293611138
876479686081908757
398088034848866304
372457312893272097
208663395828891649
459295466010705946
383366284693209088
289102071137828865
260390715236810764
450984278512238612
621052180455227394
586372756724252683
327791790365343745
489763183842689025
722488161929789560
537279867595653142
361168444290236416
616650898495635466
481838492100460544
598025140240121877
849184414586896435
235148962103951360
115385224119975941
720351927581278219
551829966602502183
310848622642069504
468281173072805889
914124666258464768
282859044593598464
