
986654578797862962
310848622642069504
292953664492929025
184405311681986560
889092568149807114
971118815553388574
462491404183011340
727834728459403314
910649961732005908
315086951390904330
909780295878836234
969237375605698621
1001126914121027716
1001762143013699584
1003253353591087104
985763981027344434
997101031869648896
597342866146328576
835162749058285598
412905062873038848
764894481409376307
889476875162886225
983782282965958716
740522330979172402
910149285503434772
826835633481187376
790181826181857310
473098760826912779
441133788769288192
982068908175536148
360808963266052096
495763686032539654
951924079185772644
716255912473526272
895521243351097366
720351927581278219
984750725429088287
928932933480349747
799548467574997024
296722896980803584
480984279472406534
918536718746021928
632684641022902315
703669960181940244
798274433357578240
311492604829106178
899327776409157683
991705888840753303
931977407458586654
782286184398585908
972924197745606716
587926201780273162
657673314273329153
247004975794749440
747766972195930213
950084981680656394
600644680270610433
988126697213821009
872936930508148757
835514240172949514
963111544063938592
909753476454690846
464848125463494686
955790458183880748
239423821717831681
968903103011237968
649670875708260352
636923916819890218
869304926969397249
767004175505817620
948179250576515162
996717608151810070
730761499420917823
559732280147574784
667736228933795860
572850151086096394
680378142300438540
969878525903523881
617260154345357324
839884725233123389
796108811584012318
235148962103951360
997880847061487728
932273906432217179
983368148197716028
658997696564297728
833681834130145301
927230597187919912
813318887189381132
645347500856705040
850397031424196658
762752665826361364
857516852485554196
234058713281855488
450723446708764672
922806168458522645
523943315943456771
774635860183875594
714144195333586984
973483644108820480
725649421257146375
388632504833277962
