
264015563871879168
349265501551067136
287987604081737728
523997712090398720
550009422961836044
326753633972649984
285067343904899072
225300654040547328
251433406330699776
996346584008765500
404664747603001354
800444217935527976
198388744997306368
394029526344007680
704998868869316628
964510937186967642
955909780277436495
854362247819821076
979659504838926356
561592847912927233
507107540211990528
589917124584275978
599282190127333396
298016505574981634
994412406505754684
429315692605472788
545284924769566722
871339586184429568
852619961738330142
970440489931247627
429572146600345601
395163906663776256
679767402195845153
953386678553301062
998343709026422916
403935310049968129
567088738673360938
673867731204046878
706900691326730352
647128329354477588
578620262988251166
683307438380023810
485007123265224721
975549329139965972
921728928454955058
731893681057169441
831834548588511252
424213710563704834
724203824549593188
801817397714878504
416252013018480660
277929466947436554
948264973077983322
836359984471867393
906839794741575700
484699227621031936
902656940604268592
619766593139769347
819689819672281119
807487608686510122
901467166380003338
704720016301621358
717800236789268540
567434991282290708
871779995725496320
979742317957251102
920083171326959686
826106783067537448
531989024886358037
756753576214265968
959564489169199154
847161008815734816
661920718040334347
519387191911383060
528194007604658198
945557910757470228
890595953076219954
824622629226807296
712451855996944415
852797589359165470
977957517780996167
788363679677546527
921049109220196352
621026976551141407
957258338511486976
399655663405629441
812776094447960104
955709260220747826
939104869246205952
625612945572757515
959722192503980032
301020093247127552
286863936660307968
417086018353889300
702091194091700265
433909242303610880
302828469060894730
409040659237044225
353465884356116482
285429907876741120
741237087709298718
421021914488897548
904109282990121011
349869341660938241
770993126134644747
841269013476540416
907575289977135104
752142499656499202
386234334681628672
791991716659200021
880415311394930690
993369726543740978
697070115564290128
381542144705298432
704484672633176095
968505745752616992
483771029454585866
287623372265750528
509660676680056833
969196670690664469
383569305234833428
608319261903028227
784501413053071430
772060053959999499
693180564097859604
772430252789202954
935754304449544212
414051293875929089
386137767815413767
247410955909070848
407165284022091777
808178274676113418
987396677176528936
579211020845973505
981805029231038545
848561111469129758
743840848634052649
436157720379523072
356803623721893889
617237130447421444
522324380831842324
685823045776310273
712568970183442472
301093157393793024
927611332864380948
570311251624853623
440731918351335424
708658978997010433
245544027196358656
690950973912514620
573853053233659905
431889104964288512
876850758623035503
361084551654539275
739175008835862569
314640747796365315
661910512686202908
715887149693665320
466679758202339348
834167943314407485
813777932945588234
714071701146566667
806617724675293194
409666539453808655
889523299321806910
935195068749451344
404273877498331136
337970874131152896
706965655089446983
916417782374105138
995009797931942029
710887240070594723
946428009072697417
933799546931269632
609802616431444018
457877348147134469
960239108607868948
852668585981771787
823426423271325756
389145746013683722
964576821918203985
262862605306036224
756244713215885442
553914669690257408
695142200224252026
618076704690143242
879740960563691561
167297934357037057
707755824595992677
603544322494824469
694759589895209020
965313977544503348
988015012616499231
803263803000356874
596695543279910912
778681836364234763
523376380851912724
572135661629341721
918481062949187595
495916208407969794
385603123537903626
582564531297976343
869844620081770508
338049633341407233
281851898951237632
695911264093863967
383983926039019520
776439935275499550
813411765223817227
271478660781834254
535331817851584522
453460716683264000
441953274828947466
491226059749195777
783005650534793238
496913527756292096
824427908830461982
894926966065623090
764841529327091752
217704609680982017
999734688430166016
574604272944021535
529276070139265025
948917763609616404
852827888608608256
405751929323388928
742410186156933150
556567349109719075
305616512838795277
872925226676158544
556874954650681355
482979648783777807
840979827791626250
412142940232876032
506069168341385216
888032068959879238
363696565174403074
750622000610803732
328012122816512001
782900280358469662
579300450466005023
549906223160623107
848178294393929738
680437758803705885
408252500924432385
405657054439669760
258751561910452227
600386768943972355
339280724085702656
458260310462300160
704474395166638090
452073815657152512
627239952366829568
398042743504502786
313943692727549953
959207610521890826
581153899595956245
865875552123748354
542720925594943498
954910353031041104
648008957046030337
518049855638208512
566838866586238988
414097284364632075
849727077161631814
906230305436876800
933092029867638844
398914308886495264
839544220246605856
725367120271245353
989510839046406154
698077654510862426
825126819221078058
616930747265318922
308526816006766603
954812915775598602
285122126535589889
906622872611594291
429932333173571594
727890034665193552
930890909053227038
646326013126770700
763071265094631464
275612158987993088
516531195761131520
495145613613334538
950363275793666099
475722589025730561
425350592504922147
978202938033975356
175640245528821763
838841407388516443
244479265289142288
439817203588792320
981178281103593514
830883558113280040
854044566196715530
343644652076793866
480843345711857664
424547890120359936
595492703559745536
464748965376557059
333216680555577346
202852394139254784
979784295856091156
910617229635235862
217571369053847552
351441356062982154
702766015305482261
740869088058015814
904290177076318288
536475296749191169
494238986345250816
538723921953030166
268346314616602627
997441745111494667
529411551937953804
644763169956429825
561899088954785795
348489934530805760
956499300765036595
270166925294698506
287934700230541312
494974906237190154
700384140054233119
914554558053748836
767333301966864417
834005088577257513
869639283122770000
754833645449248799
287754252485394433
882327330150821898
327142607006466048
403147382491185170
302365837195739136
237374252851003402
392621755945975808
917276729536577627
556360321393229824
412944922119897109
793900321302118400
483932742459981844
798915635337494549
228946668710526986
462703331043835904
462991708963995648
381143330983116803
309705964766887936
411510346000629771
340183177354018828
912258474807799808
606029716633157632
523803078965723142
632500678253871104
238024348605218816
307669776728195083
833777017999851551
390593857840087041
919204906529874020
419862963483181056
714478998683648072
975438074362355782
628601411294330900
800064535045341236
640939729419763722
548224929666039819
673203734813343765
382880312574738432
976473478804942858
590125051320205322
555799087681896459
745656094457724989
318679487317409792
866002271887949874
396967628796723201
963103349840945253
714479584627916890
467634185302048779
462219919732375572
364963719299465217
514926984376221707
760878459471528007
820249311866650625
981626841007812708
361563829408104452
662644385921630211
930774511165530152
732298786721759273
913120887958536212
119477739060330498
420579747714564097
537658298997145601
743807641335365704
680822998483468420
856971489043021874
547196529245683752
231053997161709568
450752914382782485
681092092486877199
993131244441317468
994397560510894102
354621025180450830
923644790548094976
865119332283056179
431499371926913034
597342866146328576
850454635730829354
348091015103643648
826071339772936203
686496913108762637
964580945615261747
603490037111193612
979217228014710844
449970977929953291
523370482255527957
928627972712312852
798070388302938114
493441381747130368
584075608540053511
362853727616630795
460361480164999181
623490411981438986
913541391706095667
292593314048245760
533965663111479306
290561812221394954
975928122174242886
268383135346065408
493679102491099147
510157390138572803
937814452923940904
649271707374452767
578232517446991892
942846673724510298
557189329999495168
957198796264198174
835620339693650040
983815525568249876
277470618990018561
488653932403621889
602454604810158101
774609600506363904
518856273719197706
954938981739536454
734701659950678039
876483882915086447
296609836022497280
599966725735317504
422790131792216064
685137162814881824
622890013792927744
551416890476593177
695648162379071599
537170969345785897
600933218623160363
638322752784171008
782710601134112788
347706788939825173
615459726502789120
311527499337039873
545152972699598869
830751590448889906
798992137047900172
813479594669244486
433528895841632257
699970590131355701
702482489222103050
967445185996939295
259759251994574858
616961833487695872
220103531854692353
537202519546265611
663970113048936458
376738867425968148
888096036822851645
936128471971794964
275873266558697472
659822998156607488
476015484610019328
340371579936440320
824269267574587402
797463002898628668
424632338484428802
950916542512635905
551746269337354242
825366623325388810
367721683454525440
227449081788628993
566546799385378828
484555371130781706
476395839443435531
715623054025162813
941421738909134978
749285325183909889
468713810685984778
788796263150780467
293808080875945984
314495641252528128
653017259610210328
320648363949293569
607701376503644170
397376245530099713
939100198465044490
383992362378067971
742752930897199144
393705609213771777
527034481018667030
333604601968197634
334058881510539265
934423139218235392
480360706651193344
589153082164773090
809051086371553330
773630594994798652
482207370815078440
841622332753313803
474310429791748097
561205143652270080
985078731221639208
537677794285715486
987027305396326410
411764445384146945
865263182251556924
412293465364365313
356097860808343552
474798795641716746
433481506715992064
402802092638732290
846827311650439178
550731967470108685
222440535753883658
231094520383668235
718237040918921217
218751322613088256
712327968818724945
608659429188960286
693134835257966643
925517461292453909
942867426310250586
220313187965337600
701198415136292906
642303275936514048
977619386766594130
457509762158821387
852705062093586474
881255225984426014
881967238305968169
295901625867042816
398386221648183296
936147128990986291
531434350114373632
934844067538427915
810924148275544074
317261403436089344
636507592436482055
417311930433142794
736541558756605963
336516852995850241
702579644691513434
531164795777581056
352338561556676609
186620205793935360
898278160058163271
863087093034647582
936869492523405342
331103787714478090
903989452723064832
448510385994334208
721626483658981376
678281416403845141
935118053467893783
231558056171929600
615461664070041630
475899802920681492
395270082902622218
614193532462432256
906527012666105858
239543124794277888
537289874915590155
651839795164610590
225968381877026816
981783097324486716
331438984553299979
628258161408868362
437250941004283904
697812186902429787
760445522020139010
879759457184264243
876062026634522665
807216119060365323
868809841949413438
869857430866104331
785140535274766338
965182436612931594
236950337804697602
436496423203373066
819891328555941889
392409911319068672
730374261327527937
926911797221544019
215193426688344064
769587141839028254
400970334502912000
453970195866714123
704789004842696847
941551709447127090
710876679802847244
655089584308224010
911307066721849364
510567508651278356
247435443543605258
302759423317639172
327362634301046784
730034117659328583
735158164273758248
902856932392591380
595267327801688064
261079181868138496
356467064736579585
360808963266052096
527081732986372097
899774281376997427
646395615550373930
920660824094302248
974887957557284915
331860159133515777
359586978234368003
486872554896621569
390577718208626688
627584796679471115
817088947796705351
431033662306516992
401752993365491712
919976533488181268
954672097353936957
870474201960677416
916335230653198336
580058579013206016
973221239797723206
688782135041196074
321200603894120448
714079364488101914
401596090551500800
717989686387408957
251042777276612608
773081248141672468
451430231413358602
999505595751219262
689119169014530095
954653080534798426
816000222223269909
830872766562435103
893005555185098753
536604528397778946
716343292031271047
291656171108958218
623402227213664277
271633932473073664
826159313394991144
483217106331107328
920382474721325098
672363502266220545
681882344038334464
898871857418211408
391588435753828373
229309700729077761
333909678511882240
835833000587165736
799919436865470494
443680217312133121
281045405645406210
816356306507006002
360770666149969921
604339902649466894
723935871342084166
412253016238981121
979805876548431952
842431480457723915
271717882436517889
660558740486881311
830093962496573476
327052086694903818
546003504163061771
986666062886105119
318802594896281610
772305041977376799
793047112065482773
852663296959184896
927841759906635776
585859617410777111
406771568627286016
672007103266947091
408603368018411522
362225703346896898
690389873944821805
295240613455069184
254620032699465728
970448213855338597
594641918240227371
710530762998415383
830453183166808074
419482007106748437
614966845530832910
814165752436621364
279293256708128778
516234438422822922
1001787619073609748
498119755790548992
509443170317107207
717109750235529246
995027019765121044
227852183670882304
305554301177167882
677098199319576576
330779040786939904
612529173239693324
778675749871026207
495763686032539654
589343543492083732
369593815788683267
483230674938101795
394112039292764161
458190570096164864
969148158946992179
819679841593851946
486569037594099712
939546415481389096
481527375805415425
694878809828098058
540847830831595520
606121352449097739
813808321252950026
908361913606483978
773079234267971584
805836159774752829
981933506496168036
966454929017409637
422022803890503680
719138069676163163
625390147906568203
551521785829523474
352007843383214083
786858399043944448
435835567952101387
718407260799369216
434348218537476096
718724381752426560
780780621882458122
407170264934252546
659723207821230094
328557009790173186
255741192577220608
506909319267090443
681174006107471883
415252689673519104
760139022558298155
292693776227500043
321230597445910529
433972758691577857
585074469400346643
859341886748885012
359451051050401795
962810876283453621
990509884959236139
610802391985422357
687614059042045976
790844432576151572
335102194573639695
709028093615931392
314820438188490752
570886534937444352
265155255652581377
328153822444781569
745677631596265662
792477633924562985
737186041936740502
364850438237061131
825684383293505547
560751848714141717
330419724968001546
995727610212515900
490541587311493125
750026831838838905
547859445665759247
133293816223367168
492381941878751232
803429699702358046
643428651081138206
350533923580805120
926807878638129252
818287696258138212
248528433989156864
665538202815430679
550541805700251649
557909463475027978
829357247192498246
577047968037994506
510698819328016414
478264869636931604
283310775806984192
540131960098652170
938115481708142653
949711086414872606
461161293509033985
251707082498113536
942179725273620511
918921663708536863
810224346593230889
724021111318380554
648623787855839282
509779356579528716
546039045705433110
704406884983111713
940971476331429938
730462989077053511
775528077240827914
413994044109357057
274528533664235520
687255569702453281
876518458186141767
620268055020437522
404362433671462934
462638754025439232
966447912538222652
396681256374501376
826833789673275463
436911157090189342
422013196170166282
419790639329312768
938129071525744680
361572823376068608
489091061357084696
453845682558861313
574302142635180074
934105193447059536
854800498783813662
424642541275709442
973921311984320512
625014260271022101
700247310273347625
858020990466392085
660822064265035786
323437718799646722
862278123382112266
849240841590669312
690060086001139726
295534747076132865
835161110343974993
451417208929779714
828827311053996045
854303229814898688
749379928406884442
280353304997920768
931496129764413530
979829526081208370
838056597502427146
668156908749848596
704023684444061726
331476043976409088
748778424394448968
669462885289689112
693970810758627468
695690814491328642
702217265000742972
346686886649135115
555775646224220160
956958371813158923
654720752427335690
375642854883852288
902550477592477827
437239517012033557
325299627412684800
638045175079239682
481369368647958538
919494900427423754
515517223784415234
416663026239012865
426361825383415809
456881326201765888
699656230708314113
883699705840807936
692410498347434094
400264927383650305
437514845110403072
367959108860772352
783745120713310269
689225624195170327
776688089962774548
521955352397217802
274957753443680267
526845878292578314
764159187751141377
319063517565157377
843813909424898069
474184362754179087
696633951325782056
312609755694759947
381737933650133007
671325317083693066
849377698963128421
484842257044865025
746720484560732301
679745712610607118
544981587251560458
850594032438738995
940946959705964546
622862533534941204
692322429564878878
730753384189263922
269748145267671040
739691299698901042
888707362976837652
768904831657574461
718361312261963786
842135727830728734
528964891558805515
308476583843332096
600419696780640259
445988240902848527
788076556471369740
455817057565540365
871454899978772481
977557775527841802
971549605399527487
439131431877476353
819655403822514207
695281025345126482
875820036705640498
664894797835665430
440916964198711297
465538159430729751
967166674446987265
727445517579190283
932275472904097802
730294579055689728
701486390151479407
504358704540549140
799924755728957450
707650253712523306
330044014990721024
693433163166384189
370662407032537108
796430117626839050
529386504422948864
979810149638213702
755099563676794911
386948547624435713
906521679524667413
551314818276261888
866305849772736552
530101555739885584
505647508106510347
701121134782971935
483694860612927513
516185393012408321
731136390082855043
889819051621220363
753907702052159601
673632438504652810
690583267224584193
365107730790481921
763002677323366442
542724121092423691
697462845717086229
914529922939244575
590590467855351808
471372169520218122
594588958311186448
858767079649050652
519930214332104704
381542926557118464
885989742922063932
440191683603333130
780466639429697547
836634350811349073
325665570236137482
410058515940376603
918536718746021928
952275632912470056
997164354095022141
401837946723893280
811341019806957590
889061520670064682
384323193650806796
677835281025466368
921206354981568515
617716931176300544
382184773847744536
659469340055437357
281108133517197312
533724536869224458
445599083361599488
884526480305061968
484661767566524417
355688070542262273
405097844748320768
553639841448067101
876598253238509650
737732492760449105
457880353848295445
406387966705926144
565086239989170186
779278542142701568
263249874760368139
498344275067797505
302119587883909120
290161979123957761
570145017465667594
617435953509826568
417255975687553036
644640291243950091
852855422045388830
266757463276126209
571394528708132930
378062216466792449
874231523140857876
676319388114354196
925832733828202516
463235034548273152
698570601098641440
699403705593626654
721394727970144412
757864568826495016
721784690994053153
409741819778433034
523608607993102338
911170943970328579
967624426009014294
593890619362115626
828253347340746753
464791183361835018
864541342592139264
348398254402043904
398562458626949140
492749550323367956
994746585009365004
532246009028411392
845725102314487808
699973424411312148
621690926158577684
608735416723701760
944513412375920660
914987252445241384
195191621183209472
722065665246101514
504736875756388363
453146688262242306
352818454765764608
441630454240772097
977713770212241479
723150261660418169
568059217072881664
717484576607567933
992069206822617208
562000446949163028
907561998307434548
640165164716392497
413376398967963649
839834581522710568
264078606873919488
541509398707568640
766200597036269619
799230904396152852
854645842128273418
676242389618262027
655490910108385311
490141760975273984
523357238442852381
526781388402458624
607149110960586794
696275970885156935
834851473493196910
832335840234569748
398476739929702400
252725163102175232
958130383432585238
873671164365537330
402484570634846219
319126251812028416
976481587313123388
564397491554877442
415490231031169024
562615194602438689
726053395521339443
876161848129499147
395560449023803393
512339706541768714
438775703018799119
856935610526597140
480642854943850506
801052738540535828
988663277116612698
455733940821688320
838672913469145108
698581790407000134
694987308117786675
468793264774840320
758956089332334632
436380942047772672
609472569237700608
698291602594070658
993451686976831498
759732101569314816
980185848781889617
838691519455428638
519516514492088320
990357591437758474
331748475165343746
648062414172192784
606546616496947211
321681612129435649
630310342798606387
610914825341632512
573179867747581962
314762441504587777
545608349106831402
906233752131366972
275020746600742930
470649051117781012
483681176121376790
730487100117352498
480323086877458444
793845390238941215
785819110856196106
277485059429105665
537959445280587796
958313996631543828
277742421796847616
297785679855747074
468452959278071808
658629598531289109
802157249966506065
926861190670454797
360741567171919873
511255461404606477
781625702642483241
617667233270726656
769985078255419392
843424725748154368
795060243843383298
674519250001592330
791423054173044776
332799346200543232
566942742001745940
1002918543362359358
561631054293630987
484567334753927188
514845093853790218
824302587976089600
794258645964554250
513350905546932224
523217401370902530
220511778638004224
943675779621994518
972136553398816908
188189013805367301
632293276170452994
726800860901933087
999304568871587971
289781186207809546
313155483903197195
993508387436363776
807584238928789566
291214097482252288
469347622956695565
383339681095352322
743189130795810867
269823750298402816
925845616414830612
937047025118228552
886632745449685092
783956790907502602
287873641834872832
296586778243235840
656060461904691200
806424757369176095
579381337417318412
676742415716974612
772186293877735474
551697554178441236
927912304740290621
528863854076362752
872005987677130782
695025322470539265
643128113609572415
809703336516517898
645645011836338176
781134551526146078
263777036537954334
799246234652377149
571729095918878730
610554147938238465
326736782471462912
794544432329392128
652815833369673728
934429069305581608
385289928218640386
997981616750215310
726192581175803986
739530804409139341
919937887733161984
726727179429216257
371298791036289027
809402360102912020
974597812304085012
909461899303858227
997582929347751956
711894835308658698
759497540462444564
756556263046905897
618153436768108613
793822998263889960
501707322477903874
310031916822691852
345614119946289152
902577091139207309
647843494316081173
423525572317151242
166572988324511744
704263586503065661
540776260050092032
484001157799215106
558656044289490946
725971440129540246
702554386068537436
322076145405263876
662058095224160286
280708989216358406
622866961541496858
263985308607971329
512962397581869084
478562618685259777
576420288867074079
431519222481420299
380721379219341313
472564534981165058
199137109272035328
523188538418790419
971431270414438542
296960439026188298
482102695315111937
828602483638140978
768026016731627521
246753568965525505
518870774854057984
429630027450155028
401880850255314965
879452156716015656
725116233908748429
970801628632473640
801805084887220274
530540321516290048
680068087000989731
261209908056162305
970059222102470727
810238404456611840
436510460129312769
157074257619189761
508213234436669461
232503678450270208
483576056029118475
582121097470803978
247313491029917696
389027838491361280
378966341161451530
697128249083297843
463041359096315906
566668514640003083
680718078241407007
840223526350487583
578286345601024021
825870983213875240
688114273720729615
865475749217173504
249865010870747137
437950909775872000
411230503954284545
301324950839492608
720924953737822248
738722378363830313
449568012815695873
593021620617084957
482205678719467540
654033709921730591
520305427251068938
790626931636568114
263360767745720320
889587383195029504
617704550920355881
702585910021062726
428295699373752351
913816643778527313
710183093985607690
140823564843614210
368788219535425537
989237487270522913
641362213176737813
880505163926892635
201671024083861505
773574795924209694
221729495000809481
839935414277505044
792976797368188948
726031114484842539
1000312335203848222
753971246970044457
728187109126438922
727457750501687367
992492149075615806
713782766772289648
803145625511788544
510423950237368331
337557921518977024
647524222255759370
705405584769417337
532250556446539778
819642059194368040
727838274298708078
990682284577419284
837051794138857522
626839503931310123
626740261074108441
309375908177772545
953757907869134921
315038338442854401
816324144521281656
391273190040797186
934726905926664202
833347174451511317
327884629900132363
813380126729437234
300684168352759830
695603828812283982
272839763973636107
560777183895748612
470219880977924105
372816150536650752
938320054683054110
628959802093076482
745700922491011162
548062248124416010
736939477242478663
995061383525843006
268764554240983040
797054739057213450
324779313142562827
727239704788992000
300933097237643264
279670896367763456
619668781941129247
940578496525242378
328068957770743829
700736510600937524
612808512808157218
345123384113364992
852805008546201671
982959944536035328
504308018616336404
955909573355659284
426383506055364629
469191715035676672
428923540281229322
718020549648842762
381337060885266432
987280299094335488
502865351348977675
766536846892466206
672512085598666762
602873370219905037
708760338245484626
689758936705925220
279563696089333760
739481873343840317
361562622065115137
421331764565508097
811821697455751208
317243770955628544
705786028178538507
313192042287071232
957659891928023122
520500910703771648
806102769903599616
443446498760458276
524206922891657219
838510417931796530
298488928149962754
319116572528476161
179470303687213056
807265956434018378
452457759661883422
379186485808857100
853344806247202866
657673314273329153
746084586072834078
400715056074981386
328517116858728448
523534638497398794
801294544561242122
309411794311577603
375734367776931840
682299455797854302
266547662449410063
594210841910575104
742784610441756742
938692380079587378
259668457988161536
345175297399980033
652968861020454912
812856581242880010
835093750153347083
367537424542203905
750047739861139587
691995673138298930
302488451142647809
630101413216780298
876107903570944000
735755763883966494
165856189765255168
443817061907693588
414043088839770112
677925750401400834
531177740582387715
989254887932043305
600968960783024129
783918954237788161
364404681637888022
582566340859265034
518427777523908608
468086249069215754
840926994136432661
991359660328226927
765840219537801227
996069168317202553
886648666859901009
728632992448249977
474991068132278282
389339995606876162
467220969661005825
618060246451224586
668309207665213461
852996749395099708
458213720498241537
331486836700479498
934857157852135434
543509236500529182
550409637023973380
373866845951885323
429211327828066315
1003281490026696714
310732000128663562
373419979149803534
689903602243862608
673923744275628062
638999393520975913
727495295537119242
775647338017718272
853342842440515584
418354692305715200
813428626644664361
528169104918577153
717810636825952327
774327530287136789
711236504214568980
454690090757652480
504712330341384213
527846928877223936
304225348877287424
536479598469316639
942392198895403049
500708082251333633
506149946135806003
382444970134470656
329746261219475456
295127995725643778
273561451208376322
778191362956853279
460437949826334730
294871487024857088
662625850021117952
382465423511126019
386597023639404544
444721186887172099
764770961021992970
260121310187880450
958075572536369263
686158097244487746
927006540504903722
730489511502544998
685402883071672368
981121853454159882
692008388606820473
324891675744796674
423490274161852417
804308576486686751
851862598382387291
427340308963917824
641627729975836686
494546277850152971
390247425392246786
922847050050207744
755750622678089798
594520669299933224
394210112518225921
455392059730427924
295223782715555840
771719625251618816
405785950330028043
905063623087521822
586630347186372632
439861516943228928
729059144191180820
895396250218819604
780769660085207050
765086561871986691
335452873691365376
260497662443257857
924306330582409216
451607109071798272
542363263849988108
902867694859210804
904011744773566474
879839523167682591
506775289322274818
487551988415070209
693525681107239043
950726873690800169
942063671323000854
388011912014725120
497427782717014016
280341422736015360
827853689434931221
728938494495424540
386253077952593921
302088989060628481
477150758433849344
524177371863973908
696259523559686204
602883550039113757
278550525601906689
592285629379903493
473728953270665217
815870876850716673
374932003302277120
665833505661517846
892456455427457054
556904385763082240
254635755589206027
445805080252514305
381809820501540866
633981295663251456
801384101587189782
565960943406940160
269405504680230913
693447529940910137
318432437711405077
669329841136467990
266979334604980224
632545122143174677
869672085956481044
249896500350550016
676447424570589228
612289565566173184
739756727012163655
504625331932626958
346704503061479444
887311715606364160
426683939021783041
421942034304204800
969265545859977328
465053475319840768
936011257855741992
757936632275009546
555448830506696725
289348818560876545
985587119353393232
929808314991280211
393835051978194945
731081884557377586
278843282849660930
262527346601492482
908986832740560896
324950197367078914
993437294876950558
226776646277922816
260386367349981185
402699944579825664
882018667401986129
635166033224925186
562396378290978816
759438063456747551
713691421542187029
341792682861002752
855465511625162824
507953650161811490
428624569843318784
942049353080651797
930002017265520670
707659600429842552
591341242466697239
618823391826411545
866764060888530964
932587203924733962
305051683048652810
765132888869961778
727755287699652669
995368288165048400
538653720897126411
391720325009637377
533307635911360522
822852166317244487
634471301477564456
620206331281801226
941719126487990272
734684054489923635
402419202805334017
691182806797254688
804705938207932436
911391985535975514
906174135909089300
441959387691483146
492572219361329153
596045038891433984
252801752921800705
822426767422652416
723579914225188904
403870163918782464
541510143259574284
616535892575911956
745213317492113428
528202302356586522
746854768844079195
798146607782690907
703538224781328386
412969563693776908
946691660589465630
785924108441223168
981773321341399080
466214092462489601
676752606118281246
464052193188642827
681406316178309151
836216633416351744
641160625883447316
537104130339242002
725644455893270530
933972388360638505
943890281848266762
722852386598682767
548456031643107340
642760920371691531
323174836623114242
930586263705239553
720521697874149407
189509434932723712
632945421714587678
734869197682638958
775404750782464022
308933552865542145
448771756719734804
713254587926315049
458729415879426048
442643188201553922
851407064113872937
369497430808461313
344684645855789066
392004880677601299
555461343403311104
246424056138563584
983498365222412348
496290986406707200
598958684881813504
300219277753974795
504624029605560352
921438997111271504
994214694300680252
909375452970373140
946832223708008450
991007206470221876
799656219606122536
727475281786437724
921755086328324147
629618424590368788
734054802866307177
467048281017679875
823970946846162984
903808453791866971
801735301214502962
812016606145806356
530763717416058910
794602534081658911
688820677406621720
484055419711520769
373825844268761088
419766825602121737
358174175946342401
873582426620854332
451617840756293633
939498966830186516
570273280309723184
874933948503965716
438455997489479690
555746215585644554
942075039392600094
849584281734479882
265048367116058624
261243678322851840
898606458529259530
859001903357362196
345584388886757376
646765691994767365
482644963042000897
351359091681001473
236393564936863745
845687420267790356
527111756405932032
630425445044584449
394436246560309248
936952696420843560
526025247376408577
376424491561123850
398096929340522496
697445209201442836
771836272019898389
631392924143321089
426746480246652939
825824814035369984
415858267433074713
755193894676725911
695899204127555605
707455829774696499
697245394161107006
299860902960955393
690902860136841216
434688448087982080
714945009241292900
144261219627433984
795967514924285983
760891411326435328
557654668491358209
853285284681482271
987968819928645693
519175123631210517
430713879862050816
506861081155862558
765795267416686592
626804319945228291
704734407507968060
889922778105532486
495271567245312000
382837988234887169
391561422905016321
859645012052410398
894287517048799303
996069060330651658
670383981132251157
674201679284928524
657223226577125384
962671046408929380
484390631905427495
297796759881777153
499559069842014219
824653657026592818
488632473354371072
571302398728077322
943200566459383858
705726405404524566
475030539242438665
703015538494013572
880432859498836019
710388709790318683
938885731408040066
944847150171435018
405485225011970069
636301143827283998
852649814490742784
310085939634634773
731139223989780590
939113917555302451
575321475033071646
501380365701611540
624307433116008448
417409189040750594
398543871644008448
342719869998989312
492967228405448705
668849956039163914
689895073550565462
782604506889322496
936977459289677905
429700172516294657
465184894570594305
351423288582602752
541146492266741770
419534198613737473
814420718313930773
369325933959577600
910893940306215032
430021931723522061
815670648281104404
814060804428005376
465134114748497930
317638185628729344
563776852188069889
469447870437916673
458141369911738379
272701231309258753
536504449095696384
284972008981266434
832669633093042246
534391811498835988
416497313058390016
963710533129891842
768908204616056883
670245058770894859
287614795820040192
777843046863601684
531058786786344962
783785464376721439
535513215245746179
506436139020976134
900609274521198625
638260598060351488
709940534155935814
988857313257467914
954432853263913083
387568214386933761
725002595256500295
325879029141995520
246241870198472704
588002614738944011
709528286996201552
936027276540256357
206028678226903040
798364942616100945
709003462964281344
467238068844363796
704415014974521448
593527138095857737
731852786123145217
433276515275243520
905130189544099850
973652209466228766
810137761792131113
569044347954266112
761539497548316683
838834643519668305
269125912807604235
561210081149190144
690848087719280640
497951226198097941
864861940328169482
938055840131334175
301218562146566146
560370020497227778
505751427663003663
568934510024982548
345055168934445057
855078272211091486
348891712330006532
331082974856478721
971074838817034280
468337620208844811
561852528782999563
453474886174900244
314084589041876994
454697270433153026
661180372100579330
957937471767838740
448846995143000065
996863122415550574
845967331301130240
681877440179863695
871696192441028640
927719776690769990
993119606589890570
807298977677836369
955187661503619103
789813226501177375
986671880087928902
931234542403092540
266559323260321793
559090722221981720
479762817940193291
925474047192625214
766937068177326110
265560881297883137
267975918327169024
389641998694612992
597875512584568834
736501778744475718
502851381309210624
370586157181829120
518078903315857438
333552771364028416
590936310227796018
579346268288188437
693173318852804638
878747468899188746
434261998700724224
735787820538658857
989086710971379792
588047014898565125
681812823474831367
886201418673946634
297688008260452362
928302590238818355
971421665772855386
413015034445299712
985840650870206495
474107622661029899
894967576520708138
409314187114971137
280619527870349323
635239301097062405
935793807671328809
593868778207576082
474585065305800735
243436994762375178
703608306287247500
788089159121502233
551751420324479007
705494878506975375
409318345674981386
434430904652529667
225675442164596736
457247936489717762
794597697914798130
487931351098589184
377861436929736704
281501561530875904
680118967225810990
952257418325295135
591169707378343937
895727901352280094
561797423970648064
858742544442589206
709390872873009165
681159777199325191
702173260518916116
514533666932654096
615917149890019338
968042818729816117
484036138265477121
479886020788092939
949306928931176478
457092308907720715
428997319401406486
861236285792452609
521533160568258563
584042302591205377
955437000272543784
493008334417559555
718167559974944798
852611344191717426
775072883348602931
937673329458966569
932205420582436874
338325872060792832
268354988588138496
350610140942041089
391164148261847041
450532063481692162
674939278182187048
893081840892645388
318032447310659584
548480188061581313
985217867685453834
431793547923161088
1002471670067503184
698088084054736976
542342014759600138
370654284766773260
651878523069399040
312355621536268309
769967301901549568
629610418746294272
645542973089644555
937711340993253417
993603352703291392
771649685534015488
307137559199481856
535450913892990976
352045982101274625
663349807527493635
293029717651488769
921645094371733515
429284457912991746
569605825103003649
533018671421980683
314017137729470466
566480346913177631
673170500784226324
373806490630488066
826152979592773642
363351461465423882
929276144098877470
733283600086204416
710065318915080193
456123462172540958
426072937553199114
492050506332766208
472312975341125632
472024595570884620
839414794432020501
968540851234021386
952812639069810738
417738407914110996
665566588141043712
502547703503388682
272692710899449858
631787326359732224
456089818246676485
545485434994688021
810558128415834112
506340232795258881
337917527378362368
934568978783813632
203884776128643072
581113311437783041
861257996087984158
901192184689217576
768813686827384882
796119334678298684
268238168027955202
508712715800412162
994543229653487627
829518159996256280
747423292570468443
489125178056376340
362969277310959616
899042510679191678
978599466850484234
560815131748204544
321268092988817410
521630199482417159
351766368384974860
519863538378866718
772727436420972554
854054448530980866
451330675526598676
691934089355460629
934463917273514084
527857319816724480
399269206438313994
790920888219336765
201770769707958274
676809837820248094
269932134972653569
993112147502575727
835780452983898124
377126876524838914
470570547705675776
409708256198393857
819870504919891968
483241303375609886
883455594177126450
881650965764268032
835222885072633956
603927136595738644
452789211238629398
813817654052782100
354291274599104512
658299693830373376
598974401895071774
701519707416559616
700609512360509482
824960545325187124
556449396410023946
927533878867005470
644167892794867722
945312941257949224
850450769206313030
687751277408419898
326302659063709697
383979474586435586
566105563914829834
503298426822328340
490936863121604619
493611155517079553
806807968313376808
461079675125497856
398866116463689730
471893774491058176
864439341417496636
493013089705263104
541622156166037504
312566185927507969
429527527577616405
595189422560116736
944989687225909348
740882992700063805
773930447662219324
385026276206968832
753987741691150347
416289313840562176
975436012329242685
476657583835578380
842665047574839307
256105195132420116
960148876487176302
353957818098909184
296897360037150730
768771724023955487
808964978295701514
751264739220258906
792057622546481182
794246531988717648
857271626277584926
731500847292350505
694080246210625546
697535980760072243
811984688209461248
774242233791676436
576044399952134144
979383289779478539
660116551583924268
774295034714783794
198792758138372097
876460647456592002
697840687353167904
925364013158789210
849253388360351764
819942025163964427
569839211000233984
756073637701877782
485014537863561216
938489002019942421
352859755150180352
718052050499272734
600520507577729034
922105463951200337
626123871724240918
890866853537280001
558316607227822136
885546710728843275
840241478252363837
348661576246755358
461222744282103815
374561001741221888
510870242050965567
807641802421043240
901035955408994355
308139093106360321
724920112284565544
302400517806489600
667666300243542026
720398573447151697
759090380045549589
935949681991774239
919306783858769921
308522378470752256
863801610354556948
764119098840842330
767791068422733895
905346805078831104
634086426740260885
871111395876438047
840272111008350268
825104648629256212
667181075025362955
324462971356971018
845730284829933598
612339292790063114
941026290625044561
945656370458427432
721013973142732811
992417297035710474
651512452176936971
969591534733377589
269836081422270464
573513224876720129
371385042007621635
372898549358133259
649321967278620672
608327884896993312
934106167544803368
473746361121243146
437277199389687834
793822532959469599
769478524276047873
687206689715519498
436606301313695745
889480915082940468
759488719874686999
523436501175107620
889847963071967252
881338720219963443
752571493891834003
676398738385666049
759383483650539540
307910824830173184
795197286979469323
845916798091395082
223019777399062528
427726643973455873
694084833281966153
575711946415013888
519896765667999746
840213052899983390
650349171181617164
745552330379755582
610489793276674049
500804976331718667
632607097066094592
597277778986926091
404130525125672962
745339037501620264
658199256812748800
824694207251480657
618151714150940682
405748800683114496
725344179944816711
747470407782891682
707916329968992307
793995512709251094
813770902876979240
805519296666665000
598177296758734858
920227775208652842
411393473674084363
625998646567239713
890563611838255166
419393443639459842
692656710694731817
338371998289887242
401692301191020545
427528049693556738
871689952554024962
620624129753874440
856551483033911328
653240143494381588
593568279725867008
571608234964549633
359427775536431104
488481442247081987
329319752847589378
432261282129903616
694231772589850655
938128700698923088
562536521727475712
784461383961149500
659962890207625256
785073593180225547
838373316145184818
792029357077561354
715621621154709575
936647965513224282
792304257554317322
853742557431726090
714083392928612403
866506239571263508
985465739244871741
831196915331891200
888428725987844108
518758548230897665
432581063798292480
533171131407138819
788831240970567691
474138168455856129
284960444219785227
405336447533580289
320359651440984066
919114163270352927
422762791246757909
518756095364431903
692820044815794287
839959686429409331
878379637707800587
961383742469976124
486577984258572288
515945123834626060
857468399282421811
702122057969959013
305391828419739648
823269223114604635
894989661792006204
689928250415120445
697424089660260423
830606342725042206
428827954668240896
924244220724772896
602216671431622667
251061377811218433
672132036546396171
814262476550963251
970095230978244660
711178802453151776
265747755534778368
893040449630113812
623156511845384202
866442158805090334
544201852825239553
860565312306020372
771725168485072927
710753983194595399
296994243514335232
818747443550093332
598822590244585474
365892774915997706
763104683685838868
339739942211158037
889634965040545812
343111581212868629
698824702050959421
575742996558118962
800806477232996402
751722894811201576
417712048819011595
852858445823606804
640797508649615380
364419529620848640
519900826442137641
546708811629461504
929669585421103144
886819646450331688
993938727288184853
785967011515727882
646738073287131147
714524335267774524
422002443518214155
495465383940325386
770152674586001428
325358062221131786
784814980692180993
824243821813432330
867303025408344084
920260600267935754
411563007433244674
711664737917730958
909463114439860255
955153703550201947
877221186378031234
831812223579324466
543381978901250058
763685013057175582
478860362771595275
910983555025354782
569346315574575149
333518891135270912
622068576605437982
691017102974255184
602613253884870695
545609617712087041
852864732671246336
593966064438738954
645094088055717919
979087345225695253
573216291750543361
510521120944816130
749981465995116574
610042428040151050
745338080910770358
759022244381851660
704218092355584100
233831095781556224
451724892573007872
311172673835106305
659363023491956766
704298329344966717
203602589139337216
394211169738424321
325699591171211264
716670570451697785
363725172810842112
526808416975585280
568876496081518656
801241359562047519
756495204374282300
739746679711858769
247341341560930304
767247567695380510
546151019273388032
541340351659507723
977264014906237039
464266780496625674
285846238782291969
829740758738141195
517356054368223234
545559492503535626
930131578334621717
766014943874383873
613028626060804097
265819086905278464
506735509872181268
964147968028573736
881600724478341170
898636550961774622
695740885282848839
702177540646633493
640916992982908949
270921714597232650
551427142760529941
284037207747198976
490459849583230977
657611244169199616
394496280082120704
612680950437904416
544923389157179432
503605638484721676
593131623147372545
829599123774242856
990744197344677939
793814075615477771
881038081011101726
499269063353040906
726167428433838090
744648911020490833
475371951741861888
824353973359607847
741724029106389012
646725973022081024
705056044803424278
395652651397939200
737405140297842770
708336777785507841
957739778684624916
356023460834836480
793849006014857256
250257424508911618
636588070279446557
320514237166387200
870327611195293717
358204069384552449
323004860406562816
789820959967674388
683753741530169477
640941360345776128
954631126864003072
551474290394923029
842711839300911104
598227849308143628
597459182794309632
160367893190672384
688049763790356496
983605397527076874
317975583978029059
752106149192532009
890864939303067659
878363514706739260
914092413620998155
350279328640008194
884168953637777488
723971829034647612
604277061888114699
759865855231131649
984858780409937990
525984366627651587
322287145392013314
551468949426929693
550663614885920769
905430646720192523
590639889373069327
643079400975368242
497823469917175822
588682932315619328
422037267993853953
507063502876311552
931822830541230150
515836990017765386
954348207134081124
427132924953886730
909469470081294346
807542788513071105
643335363599007744
573559377508696084
655108343417012245
536204223591874571
703980404998144142
789547590760136715
758287663287238667
763492538593443870
531838347010768896
531851141542182932
868194806294253600
920880999078961182
721816794268172369
925651597541912588
549918933403303937
683533129356673046
841962631999782932
374238716392374272
513335944502444042
878476417564815390
299583222524936192
920783822302375936
373713899251302400
812995677734961152
608772244067319840
688893936022061111
338772829774413824
427670053446615050
506089130594271242
939242659762036817
416630248902230016
535499690326753282
604560651142037544
152146651610480640
482582598250397699
262604617806905344
368779051424284673
378825225770500096
592631724182208513
367702433763295233
698181505113129041
534024550015434762
269488994109095936
421626316031393794
295235310705704971
352903736550490114
732682232333860894
432775040199557121
795231957142601729
448553627305508864
329971585194917888
210453703319224320
390754228664270850
655703406186463248
560370346008641537
748292596048330793
680085820803514485
499618026950361088
830685149217554433
452472160024395776
952516707937837106
871027888303009882
835430098303189022
900654444071514163
281479081374253056
532114662985302027
630139359814746122
335030610412306432
576830009466028042
808301925497045003
304830582054191106
919273133788246038
819778342818414632
453997933885390859
292644255783059456
871469784804507648
810080695388602368
296628506698448896
400330452294172674
741728949440348161
395353262955692032
793284216866734082
869224924433235968
605053232833888267
520651877885673483
588286525310238720
846440481339605063
555700311193419807
566019576454709269
913033985616126002
799571401098264580
556532419394797598
369262640419307530
300020104148811777
304317662840750100
695189219655680041
861904861700423710
605877590292562039
854798218574299159
758939819887427584
292686313482878977
464436680649342986
484120253777838095
536852201407119370
602980127306940441
419277820720578580
677502348985106454
718219538323472385
713779286259138560
294882584201003009
405675449738461184
686296194443509831
422878261912010752
501373651007045632
403930991128739850
310805617910743042
254650723848028161
421246300843933696
494165661594025996
476407743008210945
526415230356684822
547136148909064203
294707589248188416
651421367929012235
768064654345109534
477806733520142357
396679637092139012
316192798720131073
887195896335450164
349307193763299329
286631809192689675
438339542609821716
458729100052267026
829431373999243326
575220863130009611
277863648569851904
545261965178699817
322489591036903430
711353989832376352
323202293476360203
352195613233905664
434861970299289647
262218027351670795
531157471453249536
454921432426872842
515231705196527626
586255262935941150
680469806230798426
530051444343177237
930192756335321089
660195229298720798
552879532143673365
696636081277370368
860939983124824085
692347513386041374
288978204222554123
807563310265532426
545253877692366858
393745770828005386
852110832136486912
288300731000422412
491769129318088714
347526263415635978
823141651479920671
239375008198164480
336542577996333056
299527780952047616
500658607168290837
272096578066579460
818789709114245122
567372001132544000
740509984022069259
516469731675471892
210700347969241088
533866694309838852
599198665705259021
763694484004274218
782497424379478057
667572471213326346
362972582107938818
368960937392078849
630758073333710848
846774413138591795
805308087103651841
369202251505336331
360734443389976576
701768372236320858
668073633788329994
739473787195621566
691783938125070339
761472262268256267
874566956223725598
774553228566200341
641215608469585921
218343806490116096
803641892784701462
256113330194743296
429220433905319936
682252103846068234
584645613271121930
443779249606885378
708625868309659679
344926876776660993
373860634821001218
433694929605230602
476623821470957570
440815031702126593
328144187809857536
391679989520531466
258263562282205184
