
323021449608691714
489794797385678851
367386884092985364
918091001472618506
859839547408121866
936250881370894397
622836628402077711
948528302363127808
805303778919317575
552925829106237451
461520132305453077
478262438987431937
982320737098547220
467686543591735296
418056681402925066
966072011011006524
763802580496547880
769090768299753483
732742906997112843
761179429446615040
584401351174389789
346984847820193792
669573153122549770
821088894400725002
947516005763121184
711640119463116903
803586317489274880
989988311789617192
869977418121756702
778649073389273098
729391991523377235
558670233020137477
865997719566417921
554723448782454794
606437626731560970
424467455121948683
386138910792613889
769522366849220668
936192485603029003
928013054212468756
295948464158801930
376789318922010624
525668083327565825
519795864492048394
907954715415937034
927260091730788413
534357909430206474
695940465421320202
573172141546274826
312226288259563522
363727410824347659
399071558158516224
620946875595489280
645937128294973441
296265559153311745
655089584308224010
899675642948370455
918176116953456641
249965099236851712
762368349631676426
596019926352003078
307780089620332564
788482715665694760
472390274455306241
635133479553859594
744857302162473040
460030663630913536
803642468410327062
797535477569028107
294089123457662977
525030743676813325
853403157605777409
578334377562341388
538692135923482634
724000496204906597
688899911818805276
849623056477454357
676845654898900992
927939306016878623
987441417897005126
797181041961336873
443619364663459861
945272882022481921
756601730069823659
449980884464959488
690829170523242586
414108552974696468
520494825640951820
943907546903752826
689514870655287352
793754953343827969
584065138454429697
880055777560248320
724581311209013260
978249425296166913
927254365348192307
581889048558305292
483651474228772876
660924552905228335
530743349142093834
588609961626697748
483557777411670016
366065765910183938
870384177403551806
451359342998847499
580034136165580811
924706509143814154
538724674922872842
678534490569703424
927696118542909500
830781875983220797
780462611468255253
560723387291402240
545898622932353024
602076721667244032
423039447932600321
393663446677323776
877224342537240627
938225514479517787
549229343075991574
376330852663296000
363970060366381059
528231309764722719
609468034024865815
975824644353433670
714063336404156427
513265190448529438
509449633895022593
502782868842610688
522150935963631623
960104544329691146
774881152967114803
335128050369036310
716673584944250961
931538055452585985
933092029867638844
698699799603576862
485122060960399360
877154759847579688
893775719941963796
496353415782465546
292603429636014080
980006684015607850
889411439465467905
819981280526467082
266580716765184001
703639399249870959
689599099829223636
678306135383474182
454146802514657280
861522863704899604
718533659337949256
553619442605490181
879401491054596176
420555623688830976
685813338420150272
828237241317982238
418499755493294082
418756888881135616
837016887732338729
901394974476750878
369161645584547861
859403048735211531
523538627091759114
476474741222277120
264015563871879168
185682342185009152
431132956413657102
231830380397854720
306376265940598786
816356909619085383
590504222777409556
454665762133639188
695916788864516146
676142051795927060
897452730761740299
861597095324155914
505773798608338945
587801866151395328
747887603277234237
377472118381871104
846440481339605063
869526720917688321
832654048032456715
944988830161858642
560456310441902096
596336014465957888
713110797248888902
872872719362977833
843047037297754152
804760064689831987
599553544110080001
909800001285287976
701111265774272618
278859110760579072
880542941574205491
964269382874333244
693462080682065941
968659447725563964
816388590786969632
670687317610070027
764123177956802591
396586852225646603
735578798657110037
565170596124819466
206259634661621762
642474927307620422
479354059200135189
483619283495157781
461425935875571722
975431936719863858
757674134028288135
472830579956514826
914855766937174046
666573364122353664
781499599038840863
867759947978637312
695357420695846913
811513623523360818
825343550462885919
832728511612583976
705441132275957823
796316449856684053
944625214468292669
485419368642248725
436916402348228622
530650939246379008
727932465028792341
990928887565385739
881593254263541801
696269635452141598
235500595736215564
697543062230007808
479943335373438986
625256542190567446
729160425761144993
757654972052537444
787236437891350529
681512591444803671
484333798486441999
774700388104142918
926049950394097714
876950170401669201
961853452802211920
257145868979929088
772006387399000114
405416755184271360
560123679091195914
763392536139792404
822815039211569202
895048217778065509
533022286182219777
422112149532311553
467331778613346324
616269447736459276
369153154106785804
792825792299532308
276977267542851585
776123699443138560
699401155637280889
420201925930385408
755803973075730504
588448058036191232
843880877028540447
354631475359907844
426817500848586772
718558856120107141
878696729132806146
455111371915395072
877184049532260432
686608043676401732
295870823720288256
689766523304411313
511163971995172874
496306997189279744
751792222222942329
797175864831770644
511514794571071490
831837993332637706
358599491013836820
327026081574027264
769287845223071814
662243960588206081
431535921951932436
309707872109854720
815512058950975488
753965082739736629
553280473997115402
697595704440520735
847218650033422377
839508929725464636
546002274648981514
777830943490310144
990264635523481610
816537001900638230
576453776723017750
265507238116982784
955909313048772668
791003474766069841
637332420378624040
790499085164740611
691608452291756092
587688373582299138
693536723379945593
983679677648470107
579338343620280320
426303319523328001
653953330770345985
712637472550420560
955177956756561930
745831544459100190
734828241873010790
888967239146012723
581448293197021184
936737922642739200
604411451360280583
463087842973843456
741333469728211068
377988983759699981
556549029773836374
468511844550705162
630061114318913536
518701865245081612
442590973038559232
795588929717927948
956627031263694960
719103025204953088
744554102792388679
912342826992418816
297037794981969921
654668695443865603
778659269439651840
689578277379375162
310705505360412672
401763428210966538
825122230933520414
785206751418646599
824994165133017109
871837144602259486
921463200531238933
307897071367880704
990028108713328640
988015012616499231
464148182410985483
609843080220377098
758312252540715008
557622919367491596
665622307556818945
948938925962035251
883654683951001642
771062649843875910
477899159748345856
883297530895536178
990684798735507506
674916043516280833
889104802808729650
509394368105414657
952257418325295135
650706894880505856
762602947338829835
695927345759912007
674718901682176040
345584388886757376
701830459159609453
559762628357128193
972765061842079804
915904314390773841
705135139264528407
671616135241793547
119822225548378116
908754060872663092
661348970559438858
666317945894338581
525760194479915029
825073366280568862
932276600735678474
930144718178877520
704271759809183745
588746576927916084
764169234825084948
439120518264913945
856929368621318186
741968124529606657
691602649925025862
694969668187979856
615917149890019338
695708187051163741
800068720810000434
989644160992677890
872254191635140639
799279776745390091
406552899972235266
593568279725867008
265141700148592640
492569157536317440
950526010762346496
631787326359732224
968965651513348116
604988708877238294
535793122593210369
967427626941706280
752609947308785785
703547512157634641
837982280973811733
696743002953220199
949334017428312074
523199285542649856
804039581737156659
498178663410565130
815346388232699904
815532648696250388
662014015291260930
964821672186249286
722381102588756058
927751468361068575
891724915701600357
515454814721933314
706343173315756043
895375850512482354
740493354306895973
733210342636650547
991184107012894740
455350899041239060
507035723283824670
976014520382283838
673087031039229952
612719815924121620
927611332864380948
673158118418415616
711825615044608050
592268267821858819
350694745279823883
896461000876896277
477112665471320065
695796408384749600
479622792485142539
886907576615338034
699492220792733757
500669371086012416
935589458164719736
819778342818414632
752528726163456060
708616355024207884
297073686916366336
235148962103951360
302050872383242240
476259371912003597
115385224119975941
575776004233232386
184405311681986560
294882584201003009
310848622642069504
159985870458322944
310039170792030211
252128902418268161
315926021457051650
458276816071950337
422087909634736160
620689014910877719
882987249766121472
411853008045998090
598619438324908068
667425264967352350
464472017475862531
668191834396295199
940306706712391770
776443383379656734
674939379168444416
931295921277395014
451509857905016845
923612392099827722
636542003085049867
821305424568516620
702524581013094461
705033792015958087
293372543157534721
956538237806055464
623896293269569546
706519994221199371
806794388327366676
567601959415185409
742359771369439354
679397098352934933
443533254453362698
530423314750111754
963462203992858685
329934353750818816
745246579006373898
397798801936744448
809203036756508723
931989847055425546
888801003892269098
876034031211401236
864124998582009856
479716640486064128
670322919418888193
944649502596403280
497120484878712832
959147765148053514
663008648821342239
721721690249232455
644180465850384413
768522782174347265
711301685221261332
909547787706847302
306116507488878594
762915366808322048
878256807368343573
652363111155892244
978748269897322566
601356351263997952
888114853816991824
556386087333789707
929489870202736650
689091285398716463
538731145127395344
982657804340961290
817118041179291740
989147640254054431
490819014042320897
901983467183669288
932369660857450516
287305826765635584
711666600838693131
639458703564603403
783350911287689278
818487053041664081
690963785166487623
637311681239711750
383219081081389056
925728935935868989
762745708947439697
677585687024762917
990750205450272799
506727018222583808
705216815495643298
963111544063938592
987102343860457492
919167166480277524
893574915758895174
524645681617436683
407185404433793024
903309876787281951
543369394231836674
470706578132172800
705348517882757130
520954584357666825
965652593667866704
402073935702654987
406797270067970049
703721252229087262
841307316979892255
879712856277418055
711186742933454918
688765621407842308
913086703860842507
934506801817350185
918894906087456788
779025148782051378
875459011246424104
