
216503853862879242
720033407702138950
641531036089450496
698478124005982268
424226042882818048
758422410272833587
756849024166002799
799920479548211200
961549315376054323
483537248051003422
622702998790864934
518440934120226817
814954804904067103
376296021518712843
365221396252590080
715934581966110740
366221673177022464
964134693270347787
447436646393184256
799377456900603966
536479598469316639
919545572850028544
734341507636658286
702775603366985730
618162715487240193
614023140481171457
577068639853740032
623516397053673472
717967825905516575
351681770753753089
822208110101528597
725073413114298439
770917953750564865
368318315145461760
614346220848021505
828275960037900332
661960431249784842
568123494160793620
808803970910912532
563758558835900427
673075026412568618
874028836759691315
535969429570191386
828649565791322142
815507784204419092
757442853206097941
780468021143535628
758601256788164648
756628586609508494
823639136623656982
688476162342912047
777904236947046442
831460620913475586
995271026495717456
980405069457543188
723457208477548604
677838534630965249
622766369729151008
608926281207119874
872131467390631966
957666931844976671
743526472819408966
973247432341196891
855012265588686888
620688200448606221
876860271770079252
520903455318212608
869900212863389746
561233338128531467
862557473164886046
538714503903313940
841410134022422559
895006398843326475
873862892875837441
644572896940916736
805830983332659201
698454152115650661
870729038744936459
619163855553167380
718162900946255984
563741587834667029
950059227207053353
819865964857524224
929795205392113728
507530151030947880
926867694119190578
471679889033003008
700717274033553548
954630027411075102
377792258919104512
921009741365399602
596702260654899208
862611457798569984
608694413392084992
838644820871479336
819014740105363469
828149186545188906
756596248718475355
798129567486181397
634458266415398912
708973595606646849
725286220707659829
764405254753746954
951083570959626292
823549087894601828
702040787575373876
437669423399043082
493040168530345985
680309243861139475
947362448841785424
814568937567551508
687705173879291925
836482289717608448
1001036070114308138
531322879682281487
352088889374277643
931614346151350373
909810608491343972
518017962054123522
731518497720500374
986947121175494676
927211907495116831
797912641762754606
821025144088690708
744454308178690120
827614789387812896
914058488555126835
921446399164428309
644487357881384980
595291271141261313
464708161320910848
763841250293973013
786963440995532830
553175261122658316
749546051551100999
723202029719126268
756427138189623306
446873860663410689
877198005193826307
280286583142350848
711220564710260788
699183689917268008
660017761787052053
878680482362048553
687593068286967814
902251986240540692
661207082900389898
928009552421589053
665960060978987029
707884009564405782
955168304945823794
741349076905361449
777516313756827668
971359289178488862
576770613608316958
794288447723798528
421800538653458442
756758467892609088
790539771629010955
435836413523787778
666626857244033034
830839245898907670
642307096553193473
739834419598065694
351954660824711168
755438599805337691
801344549054185472
726847777988149330
786687665671241779
783036093280813076
733250938378125374
345554041180258305
972539749971677235
689472564040302760
690807732944764970
870979355168354305
620965864409268233
578628914335711233
852622884567646269
735449472531693649
688438629940330526
814425509109694555
618442502000738322
939090925920071690
335440149502623755
797040532710883348
664465499207499835
433582814429184001
773049719567810570
312569184225591306
949941392564695060
861542913569456149
404375953196843021
976724924033019914
836931585617559624
691985624991006760
700665120694599734
591551014813958144
834329912009162802
820717910007480320
759429447643561997
850395007055822898
412637573744295949
335877554483232768
972147213893533717
497027928631148544
453264677841928195
946090836121231381
648143932529573936
691006734080278579
616295981541097539
975759654976126986
967861870323179530
670943795831111691
730386026006052934
928399449267515455
930477879593156648
902146731175710721
661947350142681099
709650576337666128
826876377923321876
616283402600972339
740493669337006150
760805060643913738
827533729421328435
944478956738998295
748195684292755477
698812398433468456
850450354697142282
647105528199249940
664750125192708116
747501978665484307
689615848863694921
690583655927775313
679276418714042368
765903419659386900
467761569422376971
566210139703476225
934702907192930304
921194941823213590
254662146103705601
759023300940005416
869901580550418432
484784308939259905
985946886550741002
480711451837988875
599238785372389377
765886656292716544
817768833179189269
651013460230012929
414344475285127168
880369195722874890
614121271709532165
697795571326386230
349974003592724481
690082336649642004
517190669056606208
511146990495596563
577839344048668693
425682854609944576
920958461272014878
977644986302623805
802542197777760306
603243343950118921
856416562939822090
499692918014214145
734651986804473887
244072998967967744
662617988226220033
834727593106079764
868892612969513000
297039893584936960
263468964049321984
864173141482930216
721431832918360105
959719963680190484
388767423081349130
937926605974696006
459796858483507202
616013830434324523
874901163961643028
796380818532073483
960528269248172073
750622605157072916
582497787640545281
771726468585750538
598878996222181376
528993949549985793
653938772773175317
610087559766212619
594780256070664206
751783079042875413
872713901479985154
608235945531277322
794508974404927520
724243864579211306
630724335509831680
725242571693228124
824358159208415295
981116855366320169
705867511056564226
907032150765871125
793851668609499157
985118116478599218
846414984875343922
694990083371302912
971342857627648012
486528736716390420
506370387064651786
716281206152364103
400320498707202048
518314790532415498
681509834239377409
916977778845442068
420588720975118337
784755972936564746
533316819067338770
968946386060062770
853299410313281586
831514562767093811
904370061798682717
615242914045362198
919977988836167691
890969071036825641
742985999826550887
660562307663003710
783724577586806795
756592779915821169
653118872450498560
736487875557720144
651074510644183050
709630362329808980
469437958299320320
903192880619880449
395470739786039301
786874702836137984
902198920409653268
452130540028428288
911925616352325633
903339396579856414
582174325986033675
880006956977369108
849688064510918716
699173493677490208
466641755794702337
635891787654758427
738324227677225000
701314119529267200
482401104286711818
747692166108938270
927114376345960468
932872198073495563
846046668663422977
726150402734686269
897831069519331378
569136549980274688
469048040678752257
576007589457035265
629657519140110347
963327410659553280
939114200498847764
855743130753302528
489812193190346774
668359961448808459
855091270497992704
929495278858407957
293372199103102976
635015481257885696
628206822918193182
973924166594097202
724525330613665823
528289958721617936
506752454311018508
881780856061034536
826910342688145440
703951475847594014
904713513971363860
712350053376983112
712228673624866817
650973492799340573
705506634528587819
469122504770977794
868736026624012328
852727398087524392
721401754809532547
705458615951032400
797881882989035560
672065499777073170
713322233141002240
497053261849952256
618321495239688192
711919963803222108
378586586545389588
651407615477153792
964090654068199454
934857599017426986
935310785679343686
930121584553914408
587538646433923093
833345500006449212
496671216392863745
906125339472826429
575669257925558274
856432555197071380
671938287320956943
549218621159637019
668749539905110033
808954904596709436
850674499648225300
698479702079438869
697700047781101608
435825008976199680
690811467582406667
604103366687195178
764220710729154561
619124603150663690
556731831576428546
711249054226710620
402567660367380481
460480106540826625
551824100083892250
723601297923899542
481451185761419265
413323151360000000
928974329830600734
811329724621258843
564521073983488012
813716613970001930
349284471788535830
499576447393071104
956237191435145298
779629614767144960
951940452762914868
640191349072592935
699607886669807649
553106971306360842
806867679469240351
777236512680575036
972806598638579784
887307483029336124
767344952845008907
598899759323021313
541566018032631809
718121084267921468
880668179947462666
592273306011566110
702211780050550794
406309292522602498
876527466481586246
645568629508669446
746022595060564069
732578916845486080
771728212723236864
958744864894369812
695253505853620245
867833730618228746
727236677214535690
668712703157731328
852623262558191636
736558054950305804
735478557031006251
924992034467622923
879176684149047367
376222844750921728
533340693738029066
922514400638812200
890859274773880853
733641141299445792
698109838961410080
984397725674110977
643123054360395837
752185301853798431
448891929296633888
623563523540385813
399153129909780480
609368430147010560
862601638593953793
578925151651889180
715463414238937189
776745639282606130
778961364218937344
565605387945115854
859807906860630016
416643018771136513
656791528038989836
696947023169060894
484064542620385281
425718335364136960
909410606984085504
777854251996676136
970363044364447744
423422779178745856
769209621217935390
356842462863425546
366603497954607115
363410882761588737
615796634647003146
676298487188422670
919547307702239253
750756539886731345
782565386830479371
625700261075222538
821032162865577984
265148372581744642
476702666207264768
927518137908359250
774663009099972628
419574976912424982
736542104150343710
507512495552856064
819558434051457054
766329934263746591
874257922585153596
792746789441765378
952598773509550081
751688307515195472
764538149480562693
663768895848710145
825413175603101716
416251967598231563
406491603293700097
448802145194606592
255569602044493824
723114848145375393
535534827525636098
178794496018874368
843181731372859452
968106298157719552
858957874583437322
764873345443168256
691910504330952747
661899198307762186
801494959260958751
928987418424672297
513240186394771467
994952065224822785
861837928542765086
257884918019915778
391237682774409216
962404346975363202
632585013245771776
598456655625191425
529634072893456405
805481921119387678
554964741819203594
476655036240232467
604947536893181992
982876587571683388
396679335748173837
672498671354380298
502871673746227210
710480536757600368
887032279174615041
692677793863041085
989553031873962115
902637114187980871
752828667679342692
729280642730295376
765581092098932736
909043354778632192
771334800786849803
961695765451915274
894577506265493555
817021286210732053
805073571839475713
905390145958707231
812343031599595541
431680548138909697
703994392729485404
884683833314787358
892016437349203970
262582884542447616
544832530373672960
930127811946094633
566614599734919169
871377343535525898
981580270169907291
448785906715852800
792696753299390494
527467055704834058
757233232625270804
538977101928464415
825022002581995540
536119283684737025
973169875419795488
498065623411195909
744842360982077531
768607616817299518
948955999329472552
870037184206471259
757937628367552572
568104119424778274
663041659294056469
408289645642645515
604629121070268417
946393968227274784
432121694954717194
614036832199507978
643056448703692821
695917955279486996
603997890985197593
661066707057770506
807214509390430219
679038564989665365
839426112312049675
786966080735412284
791703156400062505
247350045152641024
892340137890045962
676874006179348490
810196748449873940
865324513617248286
583214659276898304
566334400829063186
813140830528340058
706439039380619265
898103032405962792
619517374374346753
710153431284711444
846488375993303070
441855739686813697
593983577746833436
982714388207255582
904397741189398538
860819754558160897
384392891079983105
770329950426890271
924994577629335563
789150558380097549
508481539474980864
396289133619707904
685543412304314390
691702441195864106
699497052299853825
793757671282573322
569826033570676748
839557276188540948
848497421515489301
709581082793738270
606532238053474404
687650750829953066
696242212333289505
750594520466456576
768158790020759583
693520597074051083
668076255479988245
687670570925817859
730603531974737941
559630739692322816
754376677110579221
341542798199095298
791322821396529163
575282930725683210
323113513943957505
818882316918980656
723947210164797510
639824192681934858
801786984883683338
766238594502623273
582580330087841795
990300413033054248
741559363776413722
632955429072404480
740164758015180831
772809637434753035
866599982684176385
800410157121142824
885568842284273695
776136816750755872
636230030908981251
280357520395075586
853692462291877929
699196600332845127
967103971351216129
702144906017243206
660800470226567170
728520356897357834
805469612665077781
781100278107078666
371676059730444308
748812072057307187
512641423837888512
938089660297650226
877874126264631297
813765095775404083
724369113127977070
572426809618989065
908352608719212604
690825687883579412
844554931980861461
713657662419763221
698095236798349633
698553139200000100
432821707829411841
849403950737260554
956766659031478272
533677597213720586
840999430069157908
706884270064664668
711842718732779542
609094929720803331
849695674476003408
609057231299805214
517351205047894037
305406747013545985
652120429451935756
285760375725752320
333963120739352576
523158080901611541
550454865818681364
938712683111407627
606212576220545054
606034754294382592
978686165991424130
877377441730027520
711829073915281449
496698535178141697
662748960313573416
763942870180298853
569404468718993428
799278512204808194
773792977520164864
780376157945856022
597162496482344960
775652277041496085
405381085049126924
927433482597187634
621759724379045898
432545298334744576
993429208799907880
877872982708604948
869505551598510091
710463909634506783
949726328322654208
846462678594486323
648185783139827732
683290189854277657
303807885261930496
464331773510287360
720509071794372689
824603805182197801
778099275519230013
696684661803581491
423434318673870850
603134246579732480
433687167542231051
626795909686099988
569058524525756453
750752679466237962
607183062052110366
553980778405429258
549673847176298543
978673581854695464
675772922161266718
566212876512002067
300183925316255744
919238312852615219
577519358406819845
294549334165291009
622840230680068108
412360066646278155
986292291868172388
789889574527696936
700793872036659361
511460030915018772
621743540766244877
819599540327022634
632196106301734915
432155649909194752
474869791384141846
723231880408858705
683636581017583617
965559197917933599
728633571996073986
815509455142649856
335726819833675777
835034648806424576
391296391231569920
551427829934456832
493056798136205322
750420966269517934
661194225110745099
763444979237388340
607836454105776143
457580491910938643
261526569535799296
892656708948729856
797816571157413919
458512378212909056
798755062515892264
453862808476450837
801031877560631327
952823535942893608
825141106085724212
515433084057812993
770934422643408927
893425248773500958
877601772745658428
692256503570104341
990571967126056980
675319121998643200
894993751217406003
840142782994579536
492983059856097290
579831428037083137
543766822361628673
774692604604317707
931905553758822441
560111845445206031
963052988337885214
787362198845784114
894175611004809256
835375774302470164
802111750866468874
582240955218788392
581737058108833805
943181604329758780
923884464046764033
529343775710117908
874195537165950986
855844533953626113
848489049656393778
630406309614845952
721444282833043468
606687124993081345
610740874871046145
682284863411322900
688088967639203922
819763345979605022
575965348927635457
804590866106155028
880017050456715274
732533205843968041
411059285108326403
729217580602228736
794868730390904862
884240731970084915
572123348214218764
561547547068596256
678980316492201984
500250884673110036
577921129214246926
946461208574308383
962523000001925170
886154928769355788
696793920985628702
550562874309738506
656104876568215553
638401477462851588
642061540027269124
803912011288936450
932309796256886866
303598793637756940
700969384813920346
771657739596070932
576307533434847255
793425323894767628
775358382068203541
866541600456572939
693462510988296242
727181900669648946
565929615147925514
601079417506234368
739521517083426858
833642832442556436
863767361239384065
795209848991645726
846774413138591795
798887751256637481
723516610542960660
969517378645942292
684341411079782427
632886544340090900
678639802345586722
814805561014616093
650702374200934420
676525099767169033
696036599632232500
504638665872506881
777271704576589886
848444806224674876
600278259678183465
623818125548191745
347643159905435648
935881878337114142
924282822020173874
750432380128329860
872384634577625151
727379916336660481
427856789917138955
888704606983565364
635833586129305611
584299217871437834
789417660324380672
957875598456389632
950422989302825060
335089680347430933
788159469228916806
899188961740722197
524881241087148032
830758180140351550
733371657841803415
956836786284400650
840171105842626560
463229824673120259
537229525205909504
706060908543344650
893891165575847996
770155840865828887
812028171426988063
593839165645389834
635877377561329714
702772445102473287
878295249385062431
924618267534979102
767790836037058560
718810231928389723
448836169715810314
706216862912086016
794464119956045875
986332541327925268
548782341917769729
442306359531274262
533594543753265153
704604929590951976
898579266608963624
394439798410051584
975734884935024740
810168525023870988
964190927801430100
753981280324026418
796679275427790859
994871075068444752
697661082289963072
707221411713908739
954284648068964352
622495559756021836
761878342886096906
789820667914485810
697410089849454633
924359975025905744
601796688339795981
782966038194028616
886230008455127041
855842168111104021
955127602404814858
786250854461734923
777892868974051328
471262822790332416
751430406712328222
857669961380397096
791984773651890186
671267320190205964
988423328328978502
351795423175770112
703499404618760203
183802482856689664
830646332653043724
703510683832025113
983373023384064052
775013253142413313
659764716335529994
918461858522996746
746670142850596864
753232240779067442
583986192387801109
753515851147116565
725286103833116733
951330780313944064
297452697664356354
600295918494810122
888819174992932914
556734336083427330
693769710285881394
511010206269046816
697025639542161408
264842019287859200
675642065874321418
850022358055649301
997918565942427778
755484575756451943
857835505702141973
748228074948001822
756542648507957268
781859908374233119
704232831269994507
400639957636612096
694425422812938271
935471195988582440
758000835719462992
598491106941992961
418095440148561941
753646385672486952
720576366285684776
876870730795581490
747091288096112751
717973154504376350
909441810923946054
822094792703213568
937321893797715979
876782720603263036
748155688794193950
709138147010805830
676060402416877587
743463790879703101
598363449759629312
920916425332391977
914175071155802134
585415214841987093
514920895438127133
632824280064720896
829421190933250138
901654622526136329
468064032394575893
286743522986688512
954463624083157022
596308625748656128
707192884293795841
875402932579885106
883708107103043584
743863794006229205
744281962750935152
508152582670385154
716315766231793674
680012938966204473
822916921161941042
947385261464113153
854258099740737556
543859625791979521
703599375728902185
914504051582988328
484049878344007692
660914609053630474
860172775338672129
883680986527854662
856044816655581184
629363994905411597
819869424344891394
526375896572100628
393622915050110976
517375483613151266
822895693169164309
910010929578643456
533928051504054273
865554432938606592
811481973155561472
731837846067085412
770238433578057738
680765518726037547
691582840034295908
506691980785614858
603819632259760162
357065532983214084
776049684275003394
955853631721189396
807202835061276722
683407067159199755
895993248382861314
404332878210531329
684746776351211556
888824444984897588
535888678388498475
708625615246458942
722713893121687602
683636599069605941
957214862763769876
735372859701985300
762006275550347274
721739508198014996
793151286056321025
682811324622831653
744534297666519080
766359605647245312
357922304434503693
640186954486644736
949189562817716235
334094578166792192
635136820061143043
484047738829275178
819778342818414632
919902024533950466
323390791475134464
478321260481478677
235148962103951360
347778122818781197
575776004233232386
155149108183695360
971488438337544273
184405311681986560
489477224500559872
294882584201003009
499595256270946326
310848622642069504
483272907565563945
888399845755342860
830530156048285716
665587622495649833
159985870458322944
693104063251742740
934104701157400576
930866911732961310
657175699358089227
464272403766444044
315926021457051650
491769129318088714
882696305577693184
772151754342793236
661765685017575424
695359813198151701
380384104304345107
472714545723342848
529676037152440320
718404155240218636
406060935787053063
779686480192602113
879014578435006475
