
626436387553673256
449891262665850881
507178010387152914
824888938127949824
528478502551420949
469817510544539648
869145225040392202
567769550318206996
919991246309687306
948291109816258560
515827999291998219
586551970395848727
595267327801688064
919267780396724235
820249311866650625
792486050782117929
458201933551763471
715614289385357414
548180510120345611
667057785191530517
553273054596169759
770237922293055538
579591155524829193
538410949791449120
633219387192508427
406728789574287371
967326223980199937
868178945240072263
699959883130208298
647062725687508994
689069445200740372
803688190148870176
878030244106350642
750655005198909460
706606303929434122
984102388908564480
944626696097763348
317748449355497472
752077449348775957
978587916525776946
846446503827734568
658038372723458070
988470472599552051
988012062036852826
834829701477957643
924992683934621716
697775598264909886
978144268143173692
468769940221198336
811280783490023455
785640539633614869
915972929529991170
710547591858749472
991664379693105172
876599850878251049
833351493997297684
487657815201284109
895958116280188949
925664624886575114
900785769726238771
875509826636120134
968807572939354112
841615735662968872
823106080413712384
864892994556526593
767783132031352884
977930706640580648
893518615066857522
752064612916265031
711147481064407050
857921853644341268
950061886873960548
963774230758055936
899943546931544085
800725921920581633
788364347365261313
734380061125509202
645867045392613376
733670218609590296
891685813962809386
982283486121562203
535870718806589441
550647533500891156
978256398364344320
569411958638379009
775992598581870612
842804947795836948
716738873295896637
920313675691208745
860561437873274880
275615192430149633
746064098843820134
699192506935541861
689881874214158417
600041084512501782
571755294405951498
920309190579355699
494930124827787286
959713306346680332
806205349472239657
950359598664126465
574232896714309643
740828565377122414
697089154701590559
796102734159675473
707531866416087052
902108129284743188
703574771136462888
964477904077619200
886635942696345611
960239840065105930
589104663152820265
499994821872582666
798197103250898954
637884564580204544
693855937588494337
494815338509238274
783898805429862410
917122574939471913
763628906636115988
378229839947235339
914088235737694219
921827835923025960
912039544524795975
525912971101077516
292945448262565888
991759245718589591
901334009727045664
654675526413320202
705737404795060241
965661932906487919
789927570140430346
722437244685778996
886149640561520692
528882112645038080
741201460200603735
689385037409550349
825684728597708800
924686276505006101
740190116076847154
891734815328596064
932644041139576833
911935609508093983
704622668640550912
877633534834139137
856526784153255946
937685434295812106
460768377187860490
166126141139189760
793726889298100224
939969453985255554
860110340196794368
896405268420755466
904710267873685516
418129656412110848
991597047536963644
991042800353173554
637567885245415443
916363632667926598
735508206486421546
726862100697186427
945244527650816001
924281779316211712
911773148465233950
988363257171542038
987253986086244413
869318165509840926
947342989804576849
904360042407534602
962810756838068284
593361864377892864
526884912276701194
927210382291005500
915265959349059596
840548504690229249
893914451412156517
768079872572391474
854714151796867113
985924176542060604
726024930768060477
689141741391314994
833660714093772830
730465921881079939
945008735045185586
859047379632914452
956835625636622356
876517178466250844
965171304401612820
621388806184239137
937581269284446238
653701734157254675
897877418470150194
417690550758801418
610067663816753152
686514587310489611
877792685656793138
856855224550424576
520129114641006602
821783043190554716
971773232015343666
981800355815890954
399932174154989568
553695329971732490
961639685057290260
755398846179442748
786251573579481178
955494850990588034
948152154680610886
940690165276475452
897502698855866408
815960998128648202
782123478698426389
724257235076776016
982185557994111026
755853965429833788
796803737863192596
957299551776170015
867697097313746955
939867525724925982
855657168127393802
573915528465481729
954665805797265448
708423196285862010
877083963578003507
975068734089748531
902135268411334666
866467389336059924
963447160588873768
957929145340424243
932645007469461524
646397367657955358
878982908826775562
606938541666336768
783290385388535833
754795701610872952
971453690005295184
799282852318937148
707840279864016907
702144521735110676
625963276769165322
596220534384230426
932963803937767445
769270124371771392
847413456805167154
811282239517229099
963128958646386738
828313564955672626
732153340175187979
899212371564826665
965627623277486200
802765390404780096
954304420177403914
911222687186182194
931907266746138674
497129071679897620
852572923260567572
960171364210344006
644203201402241025
965239854743040011
967810049621766184
913443238902390804
892634997331210334
981891848727588915
924601097711136798
981982261794705418
594838826946527234
924535648151543850
727071922122129508
701848357576114288
705814646166257706
880178267930361926
797115278944239637
889483538125176874
697025639542161408
725971316666138625
710132114049335296
653281033084600350
792287714464104469
883233071715991554
689505536903086080
841751277679542273
904300216075812864
908774161135067216
708663562343678023
727965681982636032
692978530291679262
414811327652036609
568755069252665354
573541462847782932
807543616863862846
991245279997218866
738068309622128800
949930764450013215
913346724477685770
913899117686697985
732870986587963404
925832733828202516
681916362515415099
926267161964601375
960266378198265946
706115787890360371
504309395715260437
717080820338130956
855065196765511693
983810250526302258
795708110231830558
761556187866726421
690819639458136064
922014133371699270
498412207831253002
819532087090348053
842665157775327233
609094365268148245
840548078212874261
768827467296931870
949355359787692103
975698613709705238
810549782031892531
765868152511791124
601686935869849630
873177584718970930
785063947626610698
470956066054602760
503964444448129024
680485287910309904
817395402642423809
776443383379656734
553983414446063660
767453820841361458
716241065426026567
690641006353449031
927638597987872799
951147943434539068
325241259180556289
243411773460316160
894503262223491082
902154903483465748
702802064052322326
686958312180416667
756601827213967561
806909757680123949
924237605472731186
851401963497062420
658620233258369034
535331817851584522
674951963154317322
793482723792125963
790023883825741865
831579145917956137
887716638135312475
573501592205262888
878620006726897724
510786802823593984
361147222437527552
987755820290822194
756876407786700810
349502177712275461
678684195379478570
837593930345218088
747802470071140393
784368278625058826
926294068789653585
776872387740041276
758324662827745282
563707074400485397
675659630348730384
717366619537408089
696638717917528064
789016783667200090
843069090486550538
515589686325149713
955765607293415444
869555838359052288
464808735156731904
937757319343792238
734847812814110740
517030431409831937
895199531275276329
937661770384941058
205586629149196289
934458997690466345
852799571536511008
661905493853470720
936292016155951185
707629175778836592
764847155822723102
444075490345484289
783395523700457514
934088286597705759
709524058534051912
917719267401674783
986993781540814849
798829146247135272
617686167160356874
697820762760937484
948894721672118282
927863811967451137
898280224431677510
883405214403665971
935528973985808464
708017730921562213
664817192147353601
976488799620173844
893888105415852032
706073481036431440
985919353914556506
954313756966551593
984647276104409152
815549046516744223
610342844451782666
707877333239070821
913687473777938462
924690597263081563
871437088527106089
719152470290333766
956900424059854948
924993034192572437
946294713877676125
856074420514062357
536405879013244929
903204106494181397
984145585785430038
976375825861595137
500569119263948800
934061209823625226
457271177866641418
802560665238896660
937323589521276978
926256230392012820
885931284956868608
907662470410293278
473893110154264576
976373581250445332
859837466641694750
957102824972513310
722039312048324701
685842320406478881
701383011454943304
896415339817091072
550758897372233743
708320976282320916
493051547274444830
882875056550735972
957299946778947655
823573005820100698
954046412218322964
930452640582750229
426800596570603524
479558263294394370
722842399537365064
931605167667806269
896489271156961320
593071820106629134
751854998169845891
391187826793906177
664159180189335592
832252296423014420
981365204791205888
805758998024159252
598888969735897088
689881411620044801
830416335736799232
639856300733497354
607187032925798421
385798876940206090
881925949015359499
813307027186515979
267015560842313728
915637191353438218
778665504586989599
834745874721538068
531826401607811072
442191576978948117
798547243148771349
689568601665175614
792070108709126155
982908654506352641
673899532551192598
910243417123074098
969638730782605364
892840109483905095
774570017119010856
278185381822988299
600360516971659276
714396415010406470
958775694945554472
981459870102474782
612252065661452290
478586327827480576
458597023864848395
939169164877242488
714749367592157264
690111487624216601
916297200777166868
823795604324745216
556865356061212721
482128387989831680
707634114060353550
864049583164620800
623162310256492554
946004833033396254
774239399327432744
853254170810646528
523575045663096834
788443210405904414
676609327351726080
695244173497991179
922144640776429589
978277663926009856
757272223366250557
852948321466187866
511229768788606995
695256398862352456
605721418570924066
920661189653049384
474994495193088041
693671267206823949
685516790838722626
676047953890246656
700696637936238705
980738289705299978
651079613753065500
904968233474465863
886549210156126239
968770302349819924
922758429943144509
215196607157764098
604403828892368897
948850712299839538
802842286437695488
787650438643187722
898545278859243530
322671050834051073
590852601545883649
429641296076865536
939583972881616926
779237010522898442
772124603266891776
568798025988964382
844925463306567680
810516507192328213
771423305017983077
737757832136359998
843767942126370857
909468764418998303
931179139073978388
850412094644813844
876021888856518656
693862808256774174
513294935886266368
944991113004073022
523869488240918570
854714244896653352
962289634644205599
628937144030855169
893478104847220746
466320788576927754
962052987314913383
537990575803203594
714876134101352451
265093487471362048
841211713173192736
739735188787036241
666267058345869323
936334477641277481
698982929895915531
913495768013348975
734429984076333186
805846191702671360
553586118969524244
579273757479403521
687964305882087425
980212336050724955
867774130799247370
765530856038203392
548472645369331724
784315513260998678
770889610670243851
521658723739893770
701355902946770986
810396802637103104
375304488598110208
701458043027718224
866351242766974976
748483866360021033
903356184659107840
714114708554383370
589544439358291987
683354566255050770
570620283577434122
851142578765955102
878554048217899019
980487715126648882
437926899692601344
585729157758058497
787600161412087829
863096082673827851
597371319830446091
752276644336500816
978992199641497650
414450716133031957
616538020207919124
911631740446076940
983062899889143899
788086310929301534
812557895975305256
750328078844035132
799578037817573386
660894784382304266
730810211023192115
945671346346668102
951407932392738877
976416643523702814
804406813520953374
796700529907466300
948263968663826522
660166848658145290
750000832237273099
467767098827866112
739784736804831292
730832575538397246
493349890584346624
944529593484853268
687722142669865002
966366375041978439
520748765796106250
912759668680589322
962673378253213698
939613899727196180
980433430019969057
928715907830808596
736593653736144977
914108853296189451
970992499470508102
964579263024099409
529848979370934272
938007157331353610
786322924353224714
710540349872930816
534366941939499022
942066221426286632
834903135930548307
891314844530266113
901135333138259969
842767965997105242
840538444216270848
662995797679276033
935539956888244306
435862652582100992
638567020773900298
621373722942636064
557589509689180208
850399375989276683
911155476174110751
758268618483302422
434041422656831510
914125485406060565
977939071882121216
860965692991340544
802893175068950539
539425493007597568
730380830798512188
738109587080609893
762704261221318677
679738911719030837
787356283685568522
518386383270838292
975128158263181332
720521697874149407
832579420106653757
620251898624344085
959177650017013790
935201634760396900
810888540186869833
929031184929919086
891023443385024522
690530950450511933
762679423287558175
814468103966294078
821398771597312010
943462471535063110
852599385060802650
974297889230700606
807520459741986826
931878993353928715
707900243894861844
892823999795564626
681445683059884052
910947254129528902
399852653087293440
654984723117899798
830045812591296552
979729835750477854
541628809514975234
814183389095657532
891639735141953597
712998935492296836
815269679140044860
933020834233188382
740990531370352702
938501591554744350
983742457328070706
888870582853173318
608304961775861766
674926164443267073
596295454518411274
825634366461181953
867318614842802186
971458793789612102
944816814653853726
985866859175899157
983393794256957482
928669358329298944
779979935015501844
977973023426613299
284694931941883904
890942099644624896
525380464006004756
661570626695200778
747041836765413397
509764405211168769
880047451359305749
519911942777864193
922892018382962769
975397298190319697
669509656049221632
416639288244043797
544745818855309322
824950537832103937
597112595576651776
849208226842804244
347342679522279429
918352096946974750
792781563607646279
848833106403917864
912334749517893644
597788698670792714
664830209232470062
983717163317723187
876899649632481320
851401067064721428
835862073115410453
796819450866434088
835849906521374720
716014342264455310
870271715329073162
719155448846221344
939913309849808956
723546591595594261
552536398289436674
675626087803518976
349491236891262988
881482180151353354
979021108114255893
577815408396992513
551435412401553418
662180871306215434
726503591388381244
531387987183927318
788418108540715018
700540164052615179
622442475713462292
991011614029406309
541253251044212737
590188009517744275
894620878896263198
220090415469035520
505077127037845514
934127661935112293
806502093572800572
911526012804825128
855502039046684682
962746007827939438
869911009505206353
858413073232166945
424529250561949696
874333625443811389
712360079692922922
651630821014372353
596768297790341152
945348457869217903
797727783769210880
672162736616243200
860824448336396308
711602612826275870
418788188488728577
855022847209897994
909144411177353276
681871798903635991
548492853849096206
733024396641435729
894319705454706779
592436522246995993
752137404521119784
828284206554677260
639412971046567938
570288947276546060
624305043427950593
450271240859680768
768471019908104205
549577370038698004
790916170886021171
560508631720787980
592376756250607646
979795032565506068
697515684040540261
750052313347129497
775358351567093761
900006721865527316
937739479249199114
914509429636997120
443084081467490314
473123494000066560
944783038607421500
860049343352143882
786726568977498143
810834938496286720
696744173252116570
768003822189543504
728658423666835526
754725450621780058
806941644845744208
959171912758616134
890239076521877535
816386347400167434
950671763845550130
704281745117282335
596294857555705857
943192736218099802
735454876187885588
847497175457595413
718133572338319390
792781730518925322
355062984093073429
574984898260238357
686531483820621884
925042301032628265
906136235465142313
852174690088124416
915725565368107149
606456143287549969
668486942114971669
821330159092498453
984053702308560896
688812142706688033
744552224688177205
760149338075693098
852253708846235648
655836869900369950
988400525181603890
843411339548688394
609842731778572307
958718211707269220
985861849524371528
948562917547192361
933668068742295592
960484417757917234
548552205741850624
905499160814452836
786294338530443294
711610718771740683
467252182199173120
542578615666343946
877968842826059836
607889010039193600
825014495221907499
687271476587528196
777055395721773107
971076340163948594
934843203671171072
675013274697465886
763296384475987969
870013055336062986
624616619011997696
772833321901096990
875355927052709909
959092155257847808
786612072418115586
819941849321832448
804507149522042880
696618851466477618
700064111236481154
974753829545472010
902649890176372768
947032906688266260
852765613910523914
839140049278468188
766736272797728878
872194961964158987
703854583054860348
620523547814526986
937938137294962698
653262803875921933
886585981124358145
925014412115451914
800399666113675274
866655700745453588
490439769495699457
902457323568648232
589132379239743489
876441196191445033
605241062013009940
594093404510617600
790919915799445507
704252257914585128
949011301886214154
953316381078732830
793396839948746803
435492457140977665
989597181654757376
950044979273814066
959456183700324374
952255983806193735
965126222088646716
278513657439059968
933690379251896351
608590989837467668
887382743812550696
936569871515398207
699138806439215106
709727509712994424
847456027762491423
937799099351175269
887974022275530774
423926084917002241
639123433975709747
750496913291477072
983637752174223412
742054695584923781
976021847579717734
870269162163933224
714762850106867772
793328668658630667
884283817723047977
930824960371470336
715294969161580727
811615179866767381
632134730938318858
702934793083551805
964090783860949012
908968652529868830
739627586577236018
753279630026473574
805783518260625408
901134677555945493
450239458168799252
641273358297726983
862083302902071306
704210652352348211
962029809108664381
888423031171604480
694211902372315269
916584941335248918
805458826232332358
770283180678185011
928363539599589387
910149339664494652
688090987599233101
635412716747751429
927941941541343315
748180342187360286
531556025816317952
964209284420362340
556862483252379649
944001969008308295
829409605780111391
847064934486638633
891297817979662376
772041375294291989
847779285427028028
628227085499891733
817096011318034442
881124105519255592
829431757971128390
504973531650588673
645687392275136598
855096854571778098
869918878359232552
394522211710664734
743106833006460928
920364838721576990
917075179862122526
862750293741404200
797109166669168670
678588011994415114
640253670436372491
773060004671389726
919166331868295188
987068381582749726
782444641756774450
926611978095558717
819519656104427521
924999808060624907
776446924311494656
844930627409150015
900392794802245682
806854395538964480
711874294761652294
623171766470180874
497821849460146177
721073477175476299
891180167584694293
991989537255460864
586415936433815574
729014593489338439
926925042565120031
718708007155793980
900996770551717958
919634445680652288
879264889779138591
474585065305800735
693095198909136947
551784677967659029
720924953737822248
817428629255618582
745972309960949810
782284193044234301
810204829896802314
542389270275686402
660371594035724298
482620758003286023
599570652088762368
963482223149977620
705014818452537364
970162983852445696
960116725129576478
646584956671492106
826368842552311829
957189041739149322
856141376597262336
331849330161876993
710878060521586770
903963449128808448
919223853924880434
838267178629332992
789068886527442945
908329173339209749
717810636825952327
722071464596996106
731810528774586431
759118215292518441
627942366329962507
892336701148635146
837390364259123260
932352471391666196
640128561558323200
701775603233325177
990726539891052544
807483165119348757
451591053229686785
935389964584230934
926754447172976660
971797565865611284
782325443583279225
528844305356423199
726717492231274538
874317198741622785
804797378921365514
600237868283199507
816714895587278880
777460282980302858
867830706070880266
785428915384614922
841611698577866813
816006810326401116
789250837687697409
976019118136373319
791246847468503040
739100126219599933
893474951972143165
606130564025548801
941789837936189480
782572905958735905
764616715363024919
785793350200459294
496669851536982026
728614926913896448
832320742262571038
676594605365657636
956568173879128115
790589991943274546
941951975157821500
708392904506343574
839381359327051868
989262001979158538
535485726570315778
417254741626716160
802264314810597446
946348281506725898
935534530150944808
964840681661141042
680636323471818876
497465451664637954
934122299802648577
723157916965666876
941297674022420610
381875671258890241
925728607538675762
955883648534585364
633480958745772083
702836722584518667
513419626475159619
472026350283390994
557531211770232832
883156192409559090
661585099699126301
449632138166534154
505706361175146504
988871892733681706
991391514242580552
554649005666336769
739766782994153532
772485821617799170
796111286315778048
984288712160579624
892369714553192482
773966007852990475
717779144405942292
738314451517833237
514138515278397451
866549448125317190
375291946782031872
828988097416265859
705693143324164168
971477670279925820
929012318489149471
716639347218317344
824551813394071603
613005898104832000
897812132740071434
414093630375198721
626671662544322563
315086733123518464
447642115288334337
672812505361285120
455950096081616909
879668607158726686
449244535051124747
564722918484082688
898952672944730113
624276903217332224
586235480278958094
576709474564309001
617303661168689153
929424364338823208
652860210376867871
830887000537694220
650410922929815572
668309207665213461
903585711905714187
778257113071353857
990267766135218186
733640306557452289
339389377790738433
924334499469348897
829264481992572949
972773325325615144
953223529959145523
476612939193778178
991028315345276959
709383879043055636
680056059959705665
843016731853324338
835853714437701644
807498948431839272
461373531591278592
479336684211798036
984345427182772234
738721055987990609
650024186324189215
757186485072953395
660865374421516349
717757067682775060
824725252109238342
514447078261260289
439037255617740821
928464362904105013
339355984956882957
766628024425644043
863348835836362752
974323304179593216
830995130600783904
949596694759239700
903885993801842748
719542143860867123
546980965327699969
768515014684311563
309077445221416960
957860358738046977
861240943566651413
830702760952463400
720301432741560443
780030644456783913
677120927431131166
954738787139870740
648062875662811137
788275491290349620
974997969923354624
846506175092883478
564379636172324866
203234024146075648
790260989555507240
850072263449378876
959712102396887060
933269146819522560
426405695479480340
927517045912903690
944617482092695622
530362660039163905
980409126700089375
690920148013416478
766774687567970354
802568134578012181
459209896240349185
983643447430881341
859054929448009749
981813233591656509
424177254910787585
698518752097992705
739904316554346498
500212190113169418
977921600299094056
592408282828636171
859893894274875442
876062427995865088
789463819914444801
895923010425475104
635446484128497689
693424133421269062
464743313338138624
798970879781502986
949950174128648232
923593977242980382
891604750452264960
984525150508687514
609333995926323203
864445647201632257
860174061598146601
949696625448743013
924606959456501780
722426345119809577
954314908911140886
940878688256397333
830784942887665665
506866936454578178
632586482300878849
971024359714062366
886561617565859861
949376735080742912
798513638797213696
502924369786568717
663678873904480276
990909062298353684
523462903064690699
959472329270886550
979632347928494090
792116229406064671
691335554029322271
854693461336784896
938698644633317427
823648717428097034
890628724104523797
988998203783405590
709332740205445194
513255852321406977
845682416294559744
789750098275991554
713470857527296050
978909995028598824
951557018961981510
823837040734765056
812722574168555571
535004792976703488
654391477631451146
804579864283709441
941323335332135023
954748772162879579
946813624037560360
918602750751834112
954324480908468274
823890484417003540
753657084234694866
844679153739104306
833933521914429460
956766659031478272
608212277622997003
656419411090997250
775767872009666660
972179494385365034
918853020572327997
991048261307609108
945704750899417178
885160594855051304
542796149799518218
881511378203082793
732889882049118228
989816145789988895
721280362822762557
950775728209821816
940282198462980107
419168279454810143
694396178271436840
387644806743982090
870456726170771486
979415349046935552
950847296877264937
873273408526368848
940615966897872927
947390774046248990
831897976728846346
574599400702345216
905070983952621638
675665628774006785
709432491076747314
933076957279707246
785109111616438314
879763264601464872
871918626129727510
759926186813030410
837359241911861289
867768862186537002
932006169399148544
740264022695346254
675179942979436555
490209947007844353
988383764583419934
989894388006133860
622295913527771136
667753176283217931
813746769066197033
864133092398727179
832593109422178354
972466927396073472
932988316511518720
556510132733870091
950796516275154964
710874149010145322
721402429437902919
817659512210456577
899679903555915827
835529799086243871
936127903379386468
939915362915455026
542779082216177706
609437801800531978
615469489277894656
922836667293900810
760891411326435328
951527156423458896
827776159440961548
345887246768930827
620675501039812628
693498641918197810
808201176193302549
805412812880085012
716720829513072722
954694633252855818
811565671250526218
811330294773710898
793433242145259534
462996208496148491
698921762108473385
806592918256877669
784339005202366474
906940736509992991
834150027068178522
475969300780285967
905368717070831668
624524440427954176
677142413038321714
716512945814765659
356546251422171138
824161916724314112
813363306324557825
694953618025218119
488766958024523787
481521110832250880
914156860431556628
751467771656929352
369051177146515457
970253133462781984
775394238761402399
836419468804096000
459702442410377226
846693827476455486
672784471875125258
667598712012275713
985214896331448421
800735571559186432
955459078799376404
502745183633276933
878911635350241360
662983800627920906
754736488037744739
701840351547228221
767069286408781856
612681512617377820
763778551228006431
441685887844089856
703234371598942228
803538664990179348
739349766605111346
347036882154160149
860548846827470858
912666890030161951
942041245054812191
665543684380426242
582662319394521106
760400133212602369
937081455006318612
863284072961146890
877906580685856790
901848775906193440
913123870976921600
875794005911302175
675066424049270821
340133989857886210
677045195023581184
699658056476393543
943058786724245504
764179011768942644
670576754695471104
839723625145172029
902448074457239562
918792807978770442
819537631930482688
950023882419601438
712989388304285748
421669741153878026
990569981022457868
775701503218024479
726789670956171316
676952175280128020
802927345409196034
987273395353825280
883818175823753226
684094012365602848
912659873794261043
414837199952150528
422725975474962432
868254633225752636
979951689782157382
680485786394689564
885358495447273484
702901096959443444
854321652900167680
866300853483470859
954366922240180275
853982022568509480
695670203098595439
582992861696360514
909353260958248970
972929969254715423
825778268933587006
984652037306347541
749249617216012358
858412930223177738
892089878056140840
848232855959371776
964178175825428510
969979015957979166
919287166834729010
913107305208361080
868071142181720074
928721867026595900
783363964897722378
845715905722712094
786953287131070524
952068059500253194
915859551461466112
680455575372562467
892683331026702369
628272522294722570
984133233958612992
681893934036680766
912298645129396264
719545755978956890
870932273132884008
820708532105773108
734411119363358809
874662545229742141
736933194678665276
847447160261705778
990906108052926465
977551907486859287
984046890289078302
927861784927428608
762650001612210196
898919235546382367
900433323065765939
978139514289680464
869959366990782504
813304850699255819
891261631085027368
985475141272231986
442667570357600256
991263610473041950
732610995876397096
877169236299120690
865525532430434314
952243459375390770
879393323561938966
726321415242121266
916192701253304330
988780400778285146
934495275026907218
968139076307935262
656168255274221591
592016603688992803
945312941257949224
732456177048223845
898466203482337332
699350095946055741
965910913729323018
857523289379700736
802166606700085249
900704658924896327
904414312817369099
779324852438958080
653223010790014986
906164478578667591
898160305073438750
975395970449809469
867916827307687967
611212046595391503
838444811357782106
854644901458345994
793912539422785588
987047127043702784
949660275806720011
748631308737183856
707546749346119721
686957677187825776
735152065260552215
777085962697572372
758659260761767987
779357250656665630
714383160720228383
583291472128770073
942069778477101127
569180928828768256
484989500942974977
701483494596935713
783327367057506346
616335957540732939
924320683096436756
985081817113690144
790755606063349780
777149459402194944
821414158917435432
872112712392519771
725242002920177767
391991008323436565
797702803920257057
750278338005958688
722458690875162745
937311548651753523
821367296274071574
834387547522203688
946723185737482280
341657965377486852
758015193765642292
790151942202589194
813006869563703298
902541218314088470
951143155607142481
937246678472359966
983023496860954624
951896679697776671
885225526120300584
948883641545670697
812922456221941760
876861002606587904
861215978402742273
928579018880581692
964150175033606164
664068287973425174
416825148750954496
901916727607193720
696635000904351824
869940865156644934
626797515408408594
612026274604384269
758690054943801394
938054931695407125
671332764250931223
741252923023163434
934139974700392460
629048964540530698
929027320092692520
450298227254755328
695621341625450516
837310668034146334
922502333626187806
477839188348108803
918101360862433311
784015958255730708
948213083199905872
472796433884381186
788159469228916806
735113667971907635
891022220867035166
982267262251708436
424511969878474762
892629747035701269
668126152031731713
855758533348687903
925463920561520702
845978925964329023
971062716955492452
882675939627110521
707497674991206464
802869122361720832
918867974952222840
822018856155086868
633797333837938781
922183331985113148
851529392814293072
926501082593644594
629042639622111283
938774095280099379
847147183139717161
733371657841803415
748391294337941505
908976958732390411
959122859924553808
538680093711663116
346723614927749121
891030530764714024
922571679295746099
974619120219852804
989066975189803008
503600340218937345
405976241443700737
286130905515425793
458513440915587073
841261973403729961
364137976948588556
510695519023136768
505744545636679691
867163565487423538
978971335319494678
836240998026838046
723887350689562644
763098460282683462
566936420753866773
753585074586386502
686241811479527474
922791196923920435
870300964039585812
954475387256184883
662949270269460490
698492982814441502
832581480906620949
745185311167873125
964430023878647838
922164735733039124
694952186957922425
793062709355741195
816717837871087667
692772604498411582
529700431430156288
285143373155663873
541638805770207232
955509949935542273
843831624176762880
453626374159335424
939056595692847114
695562064625664001
839152912960978985
807627626813325367
833401226744954940
751117700692181193
909122816056655882
413749320760688640
720279218684166144
622816499769540631
925297963838881793
433250795140415490
927311231415615571
929703423690022934
590835486751457280
745638995421298792
925519118801711164
714476875942199327
975310453465055292
848167222312828968
868181432487534662
692269963595087902
776821808287580160
876315713919385642
686515276866387989
872853940427976744
594901631082954762
714777336716722207
906098594925387796
562595060814970900
886146625356062771
497504786548129792
755031547031191622
935594163146199040
893809763505283132
903872475719417866
898947267715805224
660789628940320778
922723412940578818
922448794983997450
706978719138316309
888436037628624906
773242308606689350
659764716335529994
505686570339401729
942491390301061160
744500968783348106
811821433683836989
947912272439824404
695301776806641704
341548681465430018
618750383820636170
981293173919866921
540850756371087383
944552939249336370
735476251808104552
878301871415103489
835508867847815218
600375839011635201
927204654692061264
658960213948497920
972887325073879071
835543875908403282
903906297865445387
987889044795056208
734452971064262817
541015849218080798
788760918200025149
792098137648398336
865657779020103720
991240802401517589
868936191116980244
909149295951888404
938338602620952587
786459335504166924
828192258422472717
716619673319374880
980735347812089877
790235131112980536
684372729490833428
645692219650605057
864107348963098664
703551325987930113
969320662579691590
739406375783890945
587682962942722078
780502059908071474
914210064246644786
446239440835313664
848643650971107389
711090844219736144
751512003297935504
955153703550201947
698215451649507338
677547899118157855
630113060115316797
730101914137788487
935859686417268746
842997232911646750
883032870669664286
823761211728199720
704018742178349146
978954277030592522
864948763449229383
710467561749348373
786864231836418078
755720717865320488
723595554415968388
868494169340002325
835578501763301476
727400025390579744
799827639170236416
770237013202173973
793771525828378645
419880903884537856
856172904969535508
695219582507679764
711576459797594136
746643476015349852
661494895936143360
933639951348793374
976433073103200296
865125854627364894
725734190603042816
905216348148363336
623518950713458693
822543103121555468
793903414547185705
990833133563805716
419482294856843264
632271256275910658
890486312430358568
771674598374113280
919188666524520468
505720310406971413
590867013417566209
452571102758305794
703295352979324928
743055680700940308
695609584382902282
799751379774210120
764434947850633226
616248899832774677
855873120858275870
757557603365814273
619781452720111616
928169506998734858
584699494734757928
833316869104205874
939481580915818567
886280652771717172
679385353672589322
743434057647521822
904650129976471643
808718174693621785
608957129218588703
720656514410610759
341605426099650564
715279842731622551
737632663321575535
869559087006883850
710851708762194001
940634732755058722
736479512644157491
777179442777948160
752168545999257710
932191848271855636
419859301910183947
800263638594224149
698538577558241335
880034847979102238
895538476219527168
851113007652405248
597993870571077640
837590143602524160
701648102863536145
841003646120362024
847129229208584223
840321352719794258
534468675399450635
896422389611651133
875378331284013128
739198010558251198
969305721239900251
957949576898281473
723618760807940227
784504960909180928
877086579548643379
520889069257883660
437944006089900054
946395331678048347
934049091531444306
721635613979312168
701881248074956822
815778596249272330
918932571440693289
717777177445138502
887379199579533342
960567562125606953
594221481618178078
345554041180258305
821795528945172520
967115244516302908
639098328302485533
902635483874590821
855328091668086794
547224044450086924
653177091940024341
888885585832452117
924007523772694548
957304003895623810
677485582724890654
706494796054921307
768077226574217226
541557609111617537
850292160008159235
938494455814709329
727868997244158083
739410924514967563
802577094650626069
725555130920992828
484059336424030210
703628858666254387
971665642287693864
787997017485869057
844198322217943040
869895042058313748
752034462107172915
870685941344403476
600333043953172487
727213191255293984
836465332692582410
544175101613178881
614079343081029642
911077956586180649
902620462566211636
885184631845048412
842438041775112243
779224797854171148
874621552786817044
963809833495187546
799023063832199178
728267699569950801
553273271857053698
733799359040192562
776756024651808768
731835927034462260
883382888769413140
815269808987045899
719572516514955285
608939299421028352
857553754437844992
740053818011680840
810841848448811038
918087823381364766
836917154552217610
581556141117669404
530066513701634068
644977902873739296
890140711540908032
965268787068829716
840605414382895104
708616355024207884
356065937318871041
478321260481478677
966771583676977203
927565020106215444
294882584201003009
720351927581278219
893736084725432351
464272403766444044
508391840525975553
874995214543093770
235148962103951360
557628352828014614
155149108183695360
472911936951156740
634818840542445580
310848622642069504
