
793153286500646952
316961140204634112
714339701410103300
484664948509638667
487002574457798656
480323086877458444
661898019876241430
472458765149536256
350772449215905804
521013484587057163
768982224913563671
817400083795935294
370948708344397835
463056164670799884
375156422977257483
931211997729656882
758762642096521238
226063275605884931
289952644758241282
169174616621711360
662436143450816512
401351273347153920
296700986569916416
274081040962813954
174194561462173696
941764430419603558
715929945246924851
394969509934661632
850422681462767646
713321409543143424
338376833026490368
817086779094073345
723265265197907988
630426606967455773
774358499077128192
295147014046482433
850452565476114442
973200866691661856
787022378936041472
652167740098084869
761539497548316683
817897836574146580
573825311481790474
861815822305198103
689758141499441184
772392272230350859
824661632155516928
941996312570777610
658396008668987449
762063303626850305
636649465008095253
668670651308965898
321196741988843521
709751018568548363
933092029867638844
451374732508659712
469079379104890880
942069335164330034
957858397015904298
900094855110328361
821763971479765054
764882897702223873
935505071268048917
422405042214141965
847709621720317992
813692938411573248
581881782375546916
681149913756598302
696995419192033350
530784740018487298
905501736704286740
768797119980240916
548534160315383808
500380014060240906
663506897088806963
555035275705843732
838697239101571072
310857490327797760
920304750552039534
592248713632546826
935272514718957648
926748935551344650
451643210817863682
533014657213136915
937028022341632101
952334530793046046
572741657540165632
396264380859416576
933358721814380584
862030717108879379
789798169427968030
613003506684526612
982091322481573909
765307803560050698
909547787706847302
373493673234530305
934488073885085756
848330102202433547
934838078114246656
898807529600061500
394223446545924097
717708441464078387
446357114072334347
922022780336234526
696386740549582880
555369893256757250
455436825348145152
703978953794256897
667343124598882304
792813123558965289
706347459290464267
938891266626834432
941358448795324426
696080028861071440
623589286746390568
414774956187058186
631596435821035531
760145205843197973
614093154047492097
365181413198397440
557528767107694593
818144100058005504
744542463066112090
751332084941062274
417771589334204426
427378868790231040
934725539988664320
762750393616039956
757244577395507251
440878556629696512
922204133409296384
733939806320459777
752352916911947890
901424556663783474
922116184248291349
714164871775780957
749605649813471252
862785895814791198
389478824804614144
398544326487179265
764493055457493012
824284763669921812
707230569099952149
712070125385154611
353946148710645764
763307434114023424
822632525636698172
606027165489823764
761661396500348939
481547240029290496
761265533713776660
693337790900862977
934856880050819132
659714226398429225
487985475869736970
862399365627772928
746052621265272894
540597770835460096
897116914042683393
697502794277584947
689818083216457833
585370032393945099
898832482437308457
941770611640901692
689086565032656939
697411882499309588
926036548900753428
938173417901916181
901602951179690064
664053180325167104
654246298890928135
762662391514660914
825444814068645979
691449336801788004
188015040270565383
292740488967094272
767331215337979974
684022419484442649
936918713926565921
743507631628484699
713453878602891265
725400233844015125
376797233150164993
525572732713435137
740291018083270745
819910683701149717
941446851712942190
698895969487421462
889179729968660511
640783300050419744
665193107264110594
902890813275656212
715499843170074704
589074425094209556
692787088545808384
934771926134554624
610167166423269377
633617918776705024
696393100494504058
676837837286408238
256417490417090560
702803922846351400
826489721429557279
803335683312975892
649314442139402260
876055485445443604
799555012882726952
762329728362741770
649670875708260352
848537264954540074
584380596508164097
705923972671209472
898293963306455052
730923056838737980
608272438291202058
305114822645907459
750465177635258459
806953205405188127
712684594343837706
810619290335576065
598492579558064129
774998506439442462
602982156402163724
521401215251382313
751841393647026228
730484283780890736
609275338790404097
946835009266921482
691937672801026159
731852786123145217
834694909457989645
918850160354791434
790875384467816480
751164988747546744
645280404894646272
812722899492405268
937426125439791254
819471770666139719
691663673646776411
934758449730969621
940550407401373716
946164872004132905
870734157511270420
727340846936096850
584042302591205377
703513077659992124
660069440016089099
937483369015541790
692682443249025059
821061579000512593
788799145736405014
608656351597690883
739140992325779456
660840731300200450
608715768225464396
691979759244148776
601819130349486124
774383341154992168
821004290872180746
394038487587749888
697422276206919749
650783566191525891
768015200271859742
814479182582120478
923804633456070676
950028621429497876
694475030066626590
861284214308601858
691608349539696690
719864501528297514
700734306917810177
937938832823844864
907645137486741595
951882677080973352
936649365781643334
339449523933806595
950735777564860496
887736929171423252
895017768938799115
763822355779813382
882544713222209586
699713640001044501
551028926869405696
775241638154338315
914939689218215937
878276820632498268
934396149681491980
444592358869172224
936336430093963264
901907405036744724
559076247506780171
937031729523335178
815622528591855639
768327769875939328
664913066571333632
934736951158915084
857004648803467335
934730333490905098
684818823316242440
814214594343993394
885120767140978689
804352278173188099
506435982317453312
693433163166384189
462922897242193921
519596599094149138
537649258443309099
840889585613406218
796013173395685378
933786382252539905
603286448854138907
830592909006602261
772177369750437940
712307852517048400
844569292904595466
845596566177972234
503976516418535426
618852340115701770
804988730770325525
614911552662798347
482636883734560808
936024936789717043
663755101328113665
533766058943840296
797547264398589982
602794808796512264
824015938378399755
592073944509448226
706397474394472509
455371780404543508
878241947519696899
918929740038037597
760143986517213215
885815332537765889
674864242284953627
501809410784493580
810678543926689822
447842880132874241
506030045609984000
941689912753815623
653328521455992832
934352043886403595
411856633388335124
400976588944179201
934850713706721280
593541905233477665
474138168455856129
906626995545317397
875694872219222076
694087571428605952
480616544976502785
810540516361895946
955764329335095296
277126171584626698
921773197756612668
814057469676486696
775921238450372609
723852619163893792
771419775829147678
694248151372267521
299551530728816640
593874048006488077
774685584350248982
552128275518849056
701507221506359326
697867052374949929
849231479866785792
726167428433838090
519938460975497231
641276307061080066
749615024678371429
529679117000376320
763492538593443870
930080923846848522
940309121348038666
874697167095341106
967390909396312114
621426508468191232
557988753294098435
273109413894684672
343255878931185664
595893403422687273
738401038456848448
896854817522192425
707884009564405782
439131431877476353
430394988418039808
406902782340104203
970307254349873183
347729866579378176
467282036185628674
849543605340864552
680387833525305366
429679151637594113
332564963057205250
494802296429871105
295315617592901632
864521579877761064
459435593969958912
670550433604960290
281340760907841536
427193300076855296
626680027765014541
290511624324775936
719271999381307404
811939567388459009
539039921600593920
483876215296491521
421706373286461462
534711158373089291
774961298982961202
281776447734153216
614561219625484320
731827694739914752
901853673913737236
852819512654168064
637579753146286090
690146294081388545
811214793889021962
385834769528782848
852636622679310407
297014248133885952
795683892806811669
395185805599047682
280708903535247360
314386686610112525
898360064254042213
438689298590597122
870643591314276392
962656548813955096
429670754825666560
884419028817416213
393736066382823435
507880216866324482
243011972000514048
605781534762336287
790759318109552701
374926524476030978
804771614122049568
393846835699253249
973737257292951652
964510937186967642
261096540930703360
357905288482914314
593540424941961226
875996361940693002
535834276768514059
493152496022323210
442273922675769345
535824918789750786
415830738919751680
665959319019323392
428774551833542666
868133916983312446
402127659892473857
565098209148403722
619750592532840478
355019541631205377
529138995620478987
379312686652981278
378592693909192705
657953336020041729
516974123784732672
425864623263186944
638022230512762891
779625276220899348
270131996473163786
688399741498818596
772510779156594690
534055330628501515
541208084664680470
697070115564290128
632279036483338263
300670031191080970
409435366366642188
459062161021599755
822113502771675147
696388766989942905
799601081432539177
278489221529075714
522755347220398081
646346954477010964
498096693842018305
811134650721501184
905881338937212928
642499282074861589
602120948409171969
449153650598871041
523913419527815189
618108764909862922
718558078122983424
941424737253474324
523640870981861386
606873970389811210
777588590133641248
455058950786908162
906620677853954089
262427292704178176
464472017475862531
404672271433859072
825590777891520513
453774860418809856
802554546349015050
572653943201595427
474869053677371402
468091549390077952
407181488812064778
408591043739516938
663040868395122688
338965586623201281
285067343904899072
486108533243248650
849276217781125190
415048885707341844
612719815924121620
458913983823609867
584638940750020618
903286459723841536
967837789913747476
333208539885469698
363709297047371776
467350058233495572
268323275371708416
286162832469393408
946058290977198130
555016256668041226
428497009763155969
675598847359057943
480098210522857472
414065903718629376
759104087831871488
288579295347998720
710535664831037520
252521291167432706
381844514257633301
328493651778863104
561185213418307586
776443383379656734
819311762570608691
661459525844336660
326620689425498112
771306247060193290
421643242631856129
621318393563447326
693909781991129108
187951304121778176
186936200119058433
403126593192591360
557641619663486976
830098164630421566
564865517555417099
417821427576602625
752919669526233154
400999211144970242
457258307048964138
323658995300696065
317367269716000768
815600150294560799
544161349681283085
936343190632558593
472512438558785556
928257689719570473
392385752987729920
673607556379443201
274607484059254795
926559042736898088
914107654996119553
309232138056630274
711621494333243524
900729531529306162
421939609287655434
470540085222309910
613089966159036466
528949179788165129
665275717025792040
347295705528008706
759111819683299329
811919592678883349
855908905783263232
729764387006447616
599215100355805188
588471284724269068
316269372975087616
825665072097394760
517606372318380032
941248862809649192
711942008289361950
571759764212678667
511500552434089984
841398641125228565
695911264093863967
539711698404376596
378896270133035010
881837643099435020
578497404312092673
827566516580515880
322822845950459906
266875845824610304
424207673718734849
860220068046831626
581391877790629888
616290286980694026
426010361620070400
454280029002792970
405999572435861504
381502416941613077
708907144677949481
580738880462913547
747692583144259656
598793676004655114
895223724289167371
768736176700915712
702194053151981740
561260363602067457
972787517382344704
432096749960691712
535491876946444299
744314240063635498
606486840320589825
326797881124192257
429199837049651200
447075873363853323
273802236222767104
418059377518575628
941651138145579048
249535091183714305
313217937034969088
492344405563539477
483188305307893780
727870599744979045
279614919547289601
929901156937924659
797845575152173057
320330111952093194
865515059106545685
385056082751520768
470568881547771906
471312309168635938
485775985224974345
616371448092557322
430345951425593345
776150704678240266
936941520337117235
537674720880099349
468713236070662154
906925019962155089
461245540596973568
745744733149855934
913742296061730847
623523091796197387
526423955243008021
531405603000549418
800053288484864060
965199929519775784
827125769490792468
421591638696263690
757307767303176294
935976192966799412
549906223160623107
499632314578501652
292640560987242506
451587840027918336
797942818562768956
366213251454730242
898495733647421461
299989904807559169
502818719337021441
396928978503467012
812252452380082176
912442317749760040
483899072726433804
650018318710997033
375949016535662592
541318044446883841
771098618001621012
506330028611731460
699606479799582792
249175254478487562
450002632686174218
773659005063135292
621271697999527939
500328564198211598
907510353896800316
429998146614067210
849965459667419136
702105538208727130
424222158147944451
305635486398152705
507997071073214485
684505309858758708
332390055882653696
948346574608662580
825390507894898707
701372889181716490
471603789690830848
612766448443588691
934892023062859807
460847956900184089
331506655256772608
943207157019594822
760747148878282812
958456583279489024
412307674932183054
429310264513396767
763351920793747507
636215204354719744
928974282111991819
889850752309272576
883768034186104892
941276926952218635
399952338154029064
397784181662416896
768075884904054784
597844717862125579
783557725661429761
492333407964102667
832870265678594119
465927496815214612
469198459363131394
694141490678595594
763770017992802346
432605219516579842
690234746986430465
690195187208814607
396553649444225035
784876193156694067
651703844820090880
536982924503941130
482521493541224449
636246781847666689
542973146047971338
329232724558741506
964052958604058625
659735585899937793
316164087946149890
471540651054596116
960256077436448788
814479958294528022
793772435044433941
555822210183462914
406492607850479627
768538899269419028
498117413892522025
838360118935420939
759024077376847892
337124883139919872
496694251871272991
772798146971172864
849992953920487455
695769423897690132
695525652811743272
711998168169971743
620656237423493132
598897820413460491
756184875501092995
377792258919104512
919573990715043851
605317185438482482
861522863704899604
433681082005585920
487256168046002177
809830897368825937
917756843009384448
307567533773422592
289011785007366144
841006578689245215
669804447614107667
322400372809269260
700418785739407365
617373364180353024
429654405965545473
327415431960723457
747336258308669480
816230153880469544
577830430468866050
707338141190848643
809840726795878450
934741657574854676
333923619115761665
830059176243494963
711546622575771669
922494536494755910
739433756120580116
935581819271774218
632961280470417418
870225161834627122
973883887761653780
592821423630843911
706919274932994130
350627507462209536
748479784949907516
324236383529074688
583909516752453672
721690493888626820
356777965666697216
661906083664887818
804988145476567102
258639961710919680
962033127130300496
738138717440573470
926966008709795880
767333301966864417
939252549997973506
764540985795411971
426925810771820556
314419272778776576
916722869004812378
726929836227952662
769933389125648405
797554218051174451
934745463519846421
820397650251350037
943937638140891157
500581669397594122
433987458401566722
701737513894674463
730300170461380659
563783996614377496
594549259672748096
755854976131006666
536078307058515990
604701487632875539
447164152348278796
928399903284133909
779345596925345814
477906270049796116
922912327295172719
763729845431042048
725216184391303219
941299425370853376
290180008998207488
723484200531132456
535531881731588097
615850752119930880
716725577603874907
675321008261038110
349937009399300096
277821316571201537
664812026542948378
478051530587504650
473805417609166848
755702585729744899
938102107909816380
901402582264721428
854347068666675231
933841467955367986
231819147984633856
481334154512826369
312562972301983746
813752287482740757
454717793170882574
545613343906463745
616599143510573076
591499670337880065
491561692153643008
474614508191612928
611680433762992129
927205222735024168
758025270572875956
695300447170461746
794195440567975987
777994754829975582
438311268466556939
933099535813709854
395577874956025856
508367064541560832
915987010689306624
536943011800678410
555051295694651392
764861279222497282
862792401050665022
340732537192054786
489019315262324736
739658052487217272
703904961859158087
591027077348720650
427019121776132097
769661083395817583
934833651785535509
590459448158322688
689904433852973080
564548733258432513
763064859990032415
968086330938642483
573520532566441984
490495570922962961
901857579825782815
424860555245912070
669581399145316363
224798370621947905
697825051281588347
660866239765151760
402139228525297666
331202061209174017
333563828119797771
936128701450563655
516584304172597249
442336176435888149
335411102886395905
669941941005451264
934763079378542672
952155958010851339
896339450035073074
656899900356821010
959877522051461201
492304245794537474
941719725803700344
889250842002227251
411701820063350784
699896559202074655
661974493169975337
766741694371856394
767797704956706868
743818247287209984
305598877090840577
495967675437154314
818914927837839370
861357880509988865
324109099291901952
463760518147080209
610172384544161928
693880961225457734
487662721605697546
667018547637256192
288331189616508938
750467345322999808
791958490012450826
602796143587491841
279901463734648832
467328641278279687
576888067668049930
746041695917047921
677781812222885889
428238853418123294
301357270565126144
375356376743936010
801805084887220274
396355414561783811
514754234374422539
600097529148735507
694807737212600332
514828343313694724
403198757715312640
291112727504486400
906861570439643206
737909966244937739
736296884666368062
528251051573248023
479299132968796160
913541391706095667
259771552399097858
484035611947171842
911575137587961876
314357541293391872
621719671451942918
755479277738393772
303750446525448192
478321260481478677
815268777003974689
846727073510326283
908733933141786625
739521582401323058
207959690674569216
930866537978556438
723724392080867430
887056306207354910
204540361266298880
705186294887743589
878786226147196999
380334494973952011
803486198731243581
167781326857043968
678288902850871357
772086840684707851
694521719917903903
719228130371305492
896101579529256970
404215005039427584
428581575429586944
484428068321099777
438049566672289813
935534839426342982
814547643404910612
399148353855684608
536846541894320128
759581343548964865
913797624933531658
684710541670744132
625347151710388264
594272146050777088
732138043712077906
481502081946091550
806939867102838814
738005853554212924
692632631325622292
934741244842754089
818890344569241651
356862996666122240
305445491863191552
303091267502473227
920425739269066783
968967526245601330
786225097705783316
508953703890288640
822873122616115251
862372986609467422
757177295063744513
716706153610084513
710439130370146325
357498423282368512
708749828045406210
724882048854261841
539050890913644544
850846679682777139
605572922764951561
706876358701350954
853989905381064744
889800757765873714
280260473671254017
399890856255160323
589357567969329172
371253404955181058
372014168783585280
863386632005746719
793199385701646367
576492569425608717
949296633907130398
708768919975886918
472330586917437458
469107812799086594
588279881025060864
513393316453416963
231391674331299850
940414695532290088
740656824663146496
661529706205675530
586567845534760962
274869787455389696
895776027140308992
829681774820196363
590639889373069327
323750582781214722
790609724268740628
660984066220490752
908051030544121946
491219567008415754
254286728880193536
705418214229934090
384729179435958274
875764791849938954
733439257699549325
433604526554087424
699582772632748062
898693611741388831
212570563330179072
720278356364492851
262920852042022914
406189549430112256
842726289331978240
887731703181881354
939780949191835658
680389052595175445
725697136355835975
415778973977411604
660416148734476309
834439046327042119
779528511429148693
499136601209700352
573586026199777280
343107063888478230
480817644153339905
880553299416326154
934725780481650699
815373790980341780
425943201480966155
348711589249155074
386613622492758016
854813914721288232
781898888939700225
553507617465434113
540584906607034389
702638427014955018
405702568149516290
702608330148806718
769603846967918623
831523907558441042
356353848455069696
429148244010991617
556177790932615188
902247464495644702
449581317659820063
727948529582080071
817773354010148874
683185568233947157
457260689808162837
431735783813152769
838410152050556928
143438870954901504
472832199163379743
544781088841793548
430074051554443266
933368826597363794
681062977579122689
289794303683723264
556455580584247305
410100707593551892
861348898877734952
917047525570121741
893780953175035904
779449822787928125
671655902687789116
302885917784408066
973586537470124072
268688855245258756
346329650794070016
338962092168183809
822784304811212830
848147545887604786
845705509172019250
272674950916210688
980912846785351712
486180333738393601
783975191649845249
837751728849551370
790943510516990005
828711010675589222
579741787883831326
368507109534334977
878752406366715954
761495108012474388
608574853372444721
454709094650216448
696615694103478335
940028447072346152
904691558601850910
902677114543816724
967057485317963846
708713065050406952
938812949353627708
767355259512946739
700241834072342558
423118063647326211
646327424828702720
722082924077514832
864912882515574804
709391239274823760
342305068466307073
335526795841372160
334639828203208705
527074500219502603
714532180940029953
648187525319360515
571738457303416832
396226658203598848
699927744535986247
840156169531031583
382915984052191242
297282144621953024
966695506430550066
666668829648355334
611540040866201635
481378501522358292
269862280689221632
562222341162139650
543835190032728095
721124665845743688
755146940945137756
304897129502081025
383237267503710211
817433977786859554
637660485897945170
935262245716389898
776780208879566862
951081484607979541
411468704992460800
813072408084217887
352871360873103361
950080873393455114
439721614351925248
676863478761521160
286822263888543745
472430081457782784
402780421806358530
343774144195985410
756899215053029436
515917174679011328
573532723344310274
421980381861117954
935893164848480308
290203761132175360
758628200170520596
499600411796176909
884740947374653472
806554658267987998
905858263353008189
763152726317727775
851890564076929125
661611136982056971
880881853433778216
402761489926193153
519835159999021068
666283860056866816
708258462764761129
394505268014350370
413057608216477707
807216119060365323
705060935571734610
805471969080246282
941689204210012202
942037029632491580
265148209326718976
359302505055911948
418602496550764554
465152489063186432
436136522383753236
525618949195431937
665200528833118239
459304300687130634
937011823776006174
720631218961645619
532879469237633024
930192456585183273
764319726146420737
616697310231003140
764131160221155378
704958213665063013
353181327828189195
386490148017405953
382918512550739989
702285344774553630
455670771327696907
769943915117412382
541922388439203850
747020751684501605
410371901580640256
416789713223942144
571753171899252738
418440993365295104
333552672508608514
660146623304957973
847171937029062736
770049600177963019
237147060116127744
522370565579735062
758592751268134963
592063754091626496
387604781868253186
104841589959954432
837640836429905930
646041469093937152
615849080609832971
933014060042174534
280354156525649930
798570700621217813
430037394327207946
868112108292821002
716590466984050728
707120407844618361
846125632101548102
309352899128066070
279698862413840385
702055528922349578
949030837012291684
941237228967985173
522061003698077707
745216249922977852
942125152920018955
504630137719881744
665843518455021588
656464398604566530
519564956933554194
678191834861797376
780899715620536370
639482178451013632
496315063859150851
781432059935326230
316426055369883648
534369924852744202
913464849676259380
396832099166060545
348390122145710092
421374929611653120
643852543838912520
934806992822878398
857257586943328257
651516082754027537
446672460918685696
891319865284124702
526650123615469580
668804421517574145
938100718898937876
669533918004903949
739433466302824449
351298296935088129
640604302900985877
505731263622021131
837728749977862185
323595277917487105
414023337669296129
934741320411512872
542737922349203458
818519543839588422
914158100339105812
729296122916372491
578982218685349908
548868762884112416
598973239904960513
730015149523599390
697290385701208124
688675802690486360
224466012324495360
278887047379288065
540912384760479744
409325300254507018
732647700343816212
760127299252912149
933040518097694731
327893602355249152
774930577861902367
333909678511882240
732724580442963969
347545390435794965
681915379026493465
695167592750383174
575229309501833227
898900064964083782
307558404069523457
777726045066494003
407437020236087296
858983048527609896
394195156397457420
577914773979660312
938169092802760705
375316238223671308
287550082075852812
693972141934248069
908325208136486952
667781022175199234
469436715686166528
773502152638464001
459966304720519181
955567002108461096
839204624904749066
766328108185419846
334716053768896513
952794695002632222
561581750434922497
919315245212790834
532879106531131393
636975334146965541
424233215142789131
630002515387351040
967841871701356595
432271507046006785
770002189623754752
865589713348067350
306382700091146240
299965204492451842
650010386921422849
699880622432190474
845282653724868639
514115160068063245
676365482940563456
780757259960451082
498478355407175700
661972622434762752
436165155017981952
526385211332624384
775893853273325599
846094303642124380
514078600643739649
467572313668190208
541544743784415232
617228981158019092
301722535282868225
861262560648101908
908669912594145340
820617117866917938
347758829536018434
947163201735364678
956176868376182825
735928656739958864
444803739656781844
666302329653428264
282200151622287361
605118460149760001
507483832602066957
691977453509410858
276003148676595712
657693315659202561
972424388320301096
937007910402293841
759003153781358623
589898482836307970
697490255191736390
933990354267553792
434776900741890058
638293156328374273
374491822149337090
883121417263120385
925699720364584960
688347038857035782
863492950104342528
817007532143935508
526788855714807809
364030758068944907
755453168497983549
383189079816273922
939159926280962089
849023894178103297
428439549631528960
792401509241454644
871650964774473750
830480751518679072
771771569898913792
965603540393418843
766015743489474681
355683725876396033
283686074302332928
318349249865580547
461068278605938720
391627500385730571
589467360012795946
615158344759640086
507843309096402944
559006736606953500
403949087080054788
927940795133198396
904801551799951401
937999877084971029
575971000458674176
352023749878349824
246296691613892609
932341695205507112
608964920478007309
652245976140087299
927488100303765504
942160024468357131
534418443852578846
653771265877999636
713813412697735288
897129794800611379
696340665482608720
398574045219782674
294161909786083338
578081996606275587
660561908637892650
935965304163532870
307817585846517773
693860743199588363
351767024357343242
457626839397957634
679640077713932309
537649353821519892
812402588699590666
686257039017771032
492658262043394049
483524920702402571
726046023641727108
444199159260643329
628683350038544384
657923752780103680
467994471447920655
459181961655877633
279597152991313920
850305169740529694
434397561437290497
351047468055789569
483934465928724480
252407468053889025
403165858391654400
754679191584243773
852196296956968980
348392267154980864
544567156071989261
683665493797634068
934815003935117332
438058637651345416
550541805700251649
478875382100262923
453236089713459210
630739237574017041
490264858063798275
925449400648618086
336164267801968640
320598239646842891
708977429237989386
360451447764156428
346680781160185857
725733136805396572
777796629129723925
608618551665754133
396939146792402955
940270381762248766
360006251654021122
578763142289686550
933751629314936982
764820914293571594
746396049069047898
763821136223928330
649658569758736407
286872923099234305
670744234906615838
689514060550504574
771322218940203029
934032856076922950
738722906917306378
822946371673653248
241960248947113984
494165661594025996
746768046311473271
424436589892993034
623172772482252860
980159737519833088
736869650968870915
774831900438691861
839146130758696961
733395805377003622
834781476700553227
883650010410000484
916391535820554280
797506256419028993
547905866255433758
870230872408854539
431097444302848000
523816973633585162
236854642313527306
569538669032112128
271540519971061760
291151712868237312
899669452977766440
254597657920536576
753364777048342620
905955695206211605
941689673267417158
499606482678054923
485848800322387987
427112750834253835
545540956196438026
402198718306058252
286491630553399298
658375205277794314
719628418156593295
883025519963164752
273451527295729665
653588265697280001
701086372152213564
936925187520229416
676782508381306900
731807376562192445
479365806522892288
394605246308941825
593854447940272149
886221867793395772
547321029832212482
673500274832179200
903008055267045458
759472262725894144
614466733188710601
670547589006884864
664378934548365313
719954889307849072
308971977278881795
700643853023313980
934724062679298058
393449987373137921
739207954309578813
561996078107590667
421663318403448850
945348457869217903
854384364615893012
715547203640229999
816234057616719903
634726862253457437
823184328275001354
623507679574360067
532126665988505600
528516717924581378
944703174202228768
954360210946928650
720703606193520750
908337177719619624
779040829376561255
559458131860783135
874003898120159243
324925114837762048
480331366458720276
345178017787805697
365175287178330114
426720776524398593
299961549618020352
811187785183658015
577160408658477067
552534232241537059
888690833023451196
522777725128146964
886261059776827452
694947249943478333
849386607815426069
692099282274222243
920442588673216552
503906145522679820
917391557714395156
847165934388117516
919235931834298429
693462080682065941
942715497286365204
855035164589162536
399955517553770496
618422824452882441
847894743353917531
337331405178798091
422368048175906816
461111913007546379
513315687259832331
318409245357899777
484267796927348749
404336778548609035
864477875386056714
907608270980653096
941381906568720445
649193904247406614
522724013760577538
895273394751307776
960205948020981860
941374102093070386
693162249325641822
401055635254542346
934860474200260618
759374554359005216
970059222102470727
896300910752436274
485879218446794762
797832578903179296
536952450603548687
633317424871112753
469051950349025290
523931446511927302
454003123040681988
345970223377154057
770660077983367178
457459557304631308
393135244833849344
766337419749359676
229878017026031619
780836800829587476
602841106022924288
627178929806901278
567336798561501213
926572150402461846
866341223861190696
535107751840317449
927924054957105222
486942680161452063
330746205699309569
821107233152041011
562991081227157534
849377698963128421
973088299495325716
436144273956798475
951125174835638292
442226763867750401
590404725099462656
665539645358080020
719906721371389995
552532931902570511
696666876176105544
632517848568430602
762759589916966933
431819978816225301
325643612543123456
934792975802839081
357920369836949514
320529490386092032
616178798462894080
411520899364159488
643383957718827008
742712946295046204
414883014972276736
468312918744760349
895915132306214982
670708281664339978
680403638279209059
819832832939130890
762372468328366180
507908778058842115
792029927708164097
278780224810909697
472738206152917004
292483192328552448
502834531896918027
760595553360543824
349812873545121792
585721854598184960
690967639568416829
936947661913874492
728241220006182972
665188412030058508
656815841207123978
873965173046648862
929352084673949707
676807142266896414
542006209306296330
735597485204176996
685191689702211614
671278978748645407
650384991938805791
708421413735890944
772038823294533642
779587606693937172
873261720582365194
921373605424685096
363561716430143488
583197700422500364
617694220190351390
984486692096471070
625700801339326464
979826537220145202
807672599547084807
925444513982464050
800090507258626089
608252361881681921
761559586636955660
837010713650135040
294173120284065794
934490755517513849
792126586002079755
351964019461980162
518690832858218496
322852972071747594
764401300020133928
846440091140227122
389008844749275137
691695990272557118
843138371487531038
793514889725345802
476412426535829535
649643122145493043
934726328652013618
282791473815224321
766984113399791657
471667604633944064
590589745445339168
939617824534564925
887907524760719420
605429109304328203
693914086769033267
508127544290312192
989486137980620850
637736076223578139
691955202206597152
697753939822641172
357586643722436628
625702209971028015
860034617440862208
673963735974412288
322021068279906314
717467335207944193
386948547624435713
159706429245095936
754386119906558022
490154584061378560
935103690426167306
943291173471141899
725669976769429534
774660915806208020
439425636306518046
908617947952590848
702080140577865739
419902331111342085
959344023154348042
576859733907210270
892747185169506324
554235271600799744
608676641954201603
474953204833058827
772769263541813260
861291546769752094
407186533251153920
689757892349394954
777168652238979163
791297090672132096
716724726843834440
884160179237711872
945710525139001344
927901672104165388
638990775891394560
791997168319463455
862030674965168190
770754423835852810
632415665529159701
937260265827889174
693769982051483659
398478400047808513
743108794107691094
449895243278581760
468054106011860992
696390235080228925
671712060618440716
697784179777339462
694912110731329538
909026889673342976
332188712559706118
708308516464623656
858271780681416714
852870658068316170
663449300977582113
721477384871870474
810172392432205835
273881207786176523
931448840450621460
849678426441121832
742094244768121013
461193981582114827
960674378713022524
609040305945313290
725434547721732267
420258689685913602
327652754078171136
592345286647742464
413268097672151042
342918939891728386
941758224238018652
267312641666580480
500684611156967434
516575715861200928
640615808636289056
726865642254499910
764457419722981437
587583816512831500
861207883709677608
420982860028182528
660875044859150346
191396449458585600
960827546587521034
850463947408146483
554581486431633409
612653832186363916
770492785287102464
503883449107480576
571761384946401323
274946750836506625
386455276561367041
420136084173750282
590593968933175347
481042734673559553
919992977110229064
790468491954225192
703732173152321547
326446014229643264
440500321719025665
436947898572341258
723472146072076298
423062376875819010
136192896012386304
696391807910674504
542022932742799363
892820613285167215
513337260272386069
960594193301008414
613027188102397963
340004966670532609
392542674848186369
339774372866686976
351987966136287242
694221532989489163
944717244137623644
464359805453205507
805111561038856274
870394823134306367
523091851767447563
934728496595492874
440092560333996032
617913671594541067
432442768741105666
475726140112371743
533989325172375573
648165065639591956
483288243173982208
381467126613016588
529705061387862016
345917126860734464
741372148870021131
783771800458100798
782707970563375125
437132785958912012
869946882808492072
955693384926920724
524240636019474442
650722767699705896
503268985475956737
660103240494481438
557614237502013443
606146492838969375
806186119774339072
860108480253001738
250986868831682568
428653399047929857
685556035016196229
666526520369610782
759145839347499060
344483238707855360
851404196477009942
292026441212887040
574526625815855104
318442175853756416
699244534051111054
942369138863640586
710038248281604097
548097825947254794
761615206169313300
533305442697347074
256454027758272512
300971462318227466
499580328910782465
486872554896621569
920020928191135794
925666931023941643
458518460339847168
761263656729051137
366320703861161985
828312419502784514
389409612161482752
696683627052007428
517785377193328650
317950902117859330
405843170950381570
692726865177214986
767059148293799996
809459287897538580
692005754982367323
754787277263208598
379327414330851329
512574045678600212
330651711138037762
507399508355973123
639909573255495721
531195262199267338
374202978456043530
291649837223641088
785214930990792704
980549978382536754
306060643201712128
696307359601000528
958953717644800040
507294164908769302
660976051152748564
296308054293610497
428977584512958465
896767271198949397
474122472980217867
828919436312444928
736309433923141672
705270693230673952
821820661881110529
921905152825384980
284704811566235648
400663182806351882
356406627341172736
391678917397839883
397065919681003531
740092230571917362
775751888515760219
569741457452302337
824727308094799923
747057165663207446
324925971004260355
923938969828335648
464084722595921940
573497315143450625
895003376914415687
486872121130221568
757858744192467004
321547733775417345
414054446352564226
610573686164029617
373516575032082443
572824957848125440
295865757391388673
738133453245251687
703586830897119242
515201164866879490
876641757377495040
333257880545263619
593070389681192968
752539403108220990
403205481138618381
808966897034723340
601031148780388373
523123700749434896
595116476642623508
880367638738518017
940008274651123752
614368038489292821
540240310668754946
573191347939573760
605355268779409419
921827377510748222
699165108441710605
930229648158232646
549231547765751808
228261355520655360
773962510869069844
866935544662851605
544236272240295940
929468376689016922
623233996809306142
483943015480688642
796456104728854598
388578151841792011
350334678047391745
400348564980629504
594595382328295438
559981320709734420
603220532799733767
398756457769599000
423923572055212032
927943184435277895
793246725744623627
789933333021982770
429893911817879552
523562820953178120
774675224829362196
323183868796600320
819606305257816084
697476864041549835
927623461701025832
333553802693312512
843397093149900810
446648928742670347
894608482395902003
512948689380048897
762573055850971138
922360612745539635
899631479804543016
932664330325987349
721310855362379826
483642885930221583
936920302695358475
546763148552699904
752542692327817346
892448231760470016
950274221223866369
872170316720386061
942001210125340763
720925033211625488
432151062393126922
406519470509785099
762733669097275422
491638805372076042
499961941360508938
403602892080021505
846807575173398538
305020288352124938
440808302172045322
452709419751440396
453613207982964778
575054937344442378
949176534818762793
579626221025886209
659378266087489537
512540218893795338
419923504452861952
542700482922151967
413644782628372492
511243450495139851
401296974168719360
823672451661299763
373758830326185984
857636339172507688
673503337282404374
696429002176462970
428559100738142220
942453333938032690
828571717797806120
573496643433791489
230023604253884416
518892467328778251
401164074718593025
839493208081563678
929746300218515507
320878067600064513
412278090438541312
584436359997947950
428260914769297428
584400197979996162
332630977371439117
384095018409000970
501763446409527306
249940178079055872
883767630698262528
271702807428595712
497454754172239889
643094148383113226
692337689709510706
686273391363489858
800644610430074931
584597973728755748
929487023570579527
934729322193879040
780134676408303616
852847901645209601
807563980334956547
747561052509831338
884859529131597824
649535474779553813
825461864548007988
776296526636777493
735980087685414973
840663980100157450
940269324285915227
624244248165744662
460922686290526208
748039436519866471
892332614021693502
247745346061467649
383288302028980224
531556025816317952
657303077476499457
859122682359840768
693915238831226901
849610204949774346
638141735729496070
796824593385783297
934819211174371358
454995121390223371
289717013448884225
879152989808496663
875080047009079337
803696868093329469
686597230089732137
512234020642488334
727592943019622400
452947781464752169
389505071156822017
813926780309733379
692657684188758016
703218113050706002
263985805834452992
279263301236686848
395272884576190464
308205915507654658
298024451470131203
445577580372951040
803332335264202852
629677242624114708
503837066161815555
849302431014846464
425680353391411201
757222339711598683
572728887667195915
408163226711228426
334013716678967297
936960548694810654
674631774407753798
522051856457924623
855486292711702538
697455716469964830
760541864779710494
399989530540769280
723469199426715728
544954168335532034
292957106473140224
866280765989847050
936542680303927328
260715967229853697
896446906165755974
825265448245395476
401597506666102794
857341446382419998
549862558392254484
801515110161842186
883995337608548382
673472037649514496
769508209563402240
340042268926935042
312315180887310338
657976936257290261
703239510271459379
784424851430834216
913101366984052816
944979962727890964
365449565437952002
388681919480463361
943884998015082507
782552768891322368
875137421212262502
922865721384529950
689127171687579739
697341328249454663
933819385565573120
694147088052650014
338327045744361473
631549502293016619
639453517198786567
772805812916846602
572003771366899712
432517877611102209
464113098899456001
356518431262244876
631864242861244428
742666702906458143
269729070458208257
696551999650529320
481408103502446592
792548511681478689
325490536297398272
440817537127677962
510075289091440640
707338097762893905
761570672958373898
310141608756510720
412085334940057600
629693607325990953
665475632100278273
325743616591134731
456030186492657665
692052124678357053
723168041214672937
685931171804217413
841360623984181291
875032448143065099
920042172395429988
540848941114195968
600298806642212885
714592985752535131
942705231995748383
912407216898834573
220828148172849152
438731149918076949
941770835822272613
710871653277499473
906276901528670238
823788773753225246
852316558478147595
696253281093288007
780126652579446815
703327542756638730
789128989302194217
736100084139163759
663046601815621632
461112782788493312
418824861020979228
746252675250782249
850355643562197063
458053030038732837
544581992323219486
516324436648001557
440083230562058282
296562784563494912
931189202664697876
534728304582983708
654710997461893130
935807874574213201
593783616455311371
852954805206646814
244479265289142288
764051726382268417
607992566050455582
601766011997257729
821104363245273099
509795494093127689
501054543463841821
826874177600225291
918571245967147058
500362044478849054
404267075062857729
857682390078980097
499672350669930519
937940331062771744
941265180678037554
849402576700571669
692333516884803646
555851692005130240
430628192978599936
497069316106354688
404647492714627072
700688286053564528
931908657568964658
711201979283800106
609887249903124505
856614270241865788
403912105956474891
775291035630043138
376752289962262528
416678751758450694
442410893658292224
902620616908210196
369074488098291714
435858325524054016
783358377786605638
737946349453967373
945321972269740082
804840254032707630
292933879658971138
930531111908548680
756200687272067122
844442119594967040
447091838717788180
964490948870537266
937176415466565652
691578715448148028
420646068682752010
451058199576051712
697297041067343962
695273602840526989
401712528750804992
537655766593699870
855438029829570560
475969332694745094
795365935271247892
762652855110205470
840518834447974410
823273181577084988
339463941937954818
921345187760996382
531097862835142656
852942686381670431
743809740580192259
368788219535425537
630083304174911490
513406832425959434
552905416435040269
444570166332751873
859080746386718730
377517414017138689
910792622342287380
303244420591910912
357493061913149440
981895382021861397
852419517993058305
858282595070246922
726142312111145040
810236851847299122
676127679732383795
236110475320885250
547773743318040599
303149632333152256
863751612269854720
804803389304864788
696431944061288449
393773185171980290
542770835023200266
728939508392919090
302828694047817729
409761873391779840
574234205999857674
549104966112116736
858680421688147988
265634757017206784
838657590825058374
687682552374362147
735304528345432074
312651165810688001
693548721404641340
457136985744736257
520982162594332712
685788184919277635
396028155091091456
986265245515382814
334124563723976705
494201319821934623
310009704023851008
735014433637531699
818889448439021578
831040019174391838
943067702552039424
916010530462892124
939568057905471569
893942084501905419
460509746189959179
705905410518941758
692369368285446186
816356079708536854
623538066526699555
325935474067767314
907633642510123009
750290068966473799
675698930117246986
615080229827903498
884773943536402512
451861965938360320
524858633910222848
345638865266278401
713646761989898270
310911900462612480
417342397878501377
545015058997182517
292757938416779264
767672384420839425
267605034995417088
477488703657476096
837819541907046492
218420420360011776
298009592477122560
352730004200751104
889539886527426610
605126496465453058
422275494835126282
843968206162362448
437979306527031297
401444753440243722
630763436237783055
907209930984017951
342354349797802005
695960787881164830
824994165133017109
291151401667526656
824860869712281600
572465269792964610
391874846453268480
770603653526061086
489415197828710420
663095135231279114
642949885477388288
793375832215257108
968553977828491314
820983150867644417
609675549475995648
753617766451249285
599985646030815253
722147117073956924
749329941316763780
904768542560387094
919663433048260630
285084659518537728
814469907801440257
444876429356695552
824342297340674109
918545027888717844
271671973229101057
738770230733701151
712247371668652104
313192042287071232
291818951145684993
551011964126625803
603331427198828575
924690204474880000
983445719694344192
515775120078405632
584725412832215062
806102769903599616
647787960116183070
420841274640171008
856826288714678292
746068552846409790
713030796859932772
735376592036954132
594503175843610627
512996022906126362
699638895700082778
732201678480343060
748175454527291493
960611645166616626
779382443035328523
412962623609503744
506473344544145438
849737118699356210
944642361961639987
253110363774648320
321936667134918656
457835794879479817
930900144902250547
274207656200241184
911172948335923220
456517755617935360
481427622560137230
430653433612075010
518458967471554570
905047648988438588
272430550357114900
748512113726849044
411899901446848512
475592112944185355
681084786164760632
619894100820361219
294508219718696960
533331989365784604
406146902870982667
733240001042579476
775388631740448798
779701087044632627
406531653595430913
295530498627862549
349912387798695940
388304967523631117
979628230174724106
450320245073379329
965165703994937346
843490621893115904
893916936205914183
390867667566985226
314357773192265738
526296824051662858
344299474396643362
511045805847609354
508235590936952867
931232687979634738
392762444415500289
684120174168768558
359942544030826497
249231280611262466
340496932717854720
573111421584277504
422021747949436939
749235240761032756
635867533844676618
464148182410985483
753302115559931935
661287867401764864
965661970810413080
719935941048795168
579318991512797186
839591880471871528
664216093446897695
281817610176299018
817438951522566144
593494175190876180
622872597335375933
834111711287836772
934733889417666562
312935976731148291
718011109977751584
431850686494539779
497117636052910102
567766807620878356
964957653912674334
705444338607587338
923623410297368606
339846864386129921
298501973156560896
767786628714070036
644183894295576618
400429236491386900
593804146847514625
217984833513586688
685160884183891991
232898054884294656
694426949409570886
705071172198334524
817404263374258198
802308790899703839
933778475846860880
704311200904642592
941687590212501574
603887565522599966
672005623491198976
605663813664112641
478594166365093888
608212919808819200
643472165022334997
936255510473216001
694988987324170343
813315339844714526
483527825559650304
816387269450530836
672375049931456528
660068884338049044
398093029388451841
838460627407077407
906862228911824959
764131292144336899
934725565527769098
734297410024505425
504429560138563607
808722351621537852
696647495979237396
699008411542487070
788071558169493556
653006655386157118
590085080454791179
655770496973013012
919995045422194698
348752373096644608
498173301919842326
875382892161802260
696704035096625222
584819962225492073
323862671323824138
514758169080102922
445188025043910657
764149158159712286
588432109824245760
320421190051168256
754475993686737038
522432500480344081
704809179667365938
934724719406616586
397311216764321795
781552470769532938
333378402125873152
392293662119297024
436939586552332299
839948491048747058
435856348559835146
441978782392254502
643467207484899358
268704193940815874
761901899184078858
326684732853190656
426695947662131212
949672606263566407
351268272903028738
637621015639359489
288998035487326208
941691030368047105
587721056719077381
545272841382264835
730063176489762887
765751560671068160
315926021457051650
404619016905424896
801547929227231273
843229586593939477
633740807085490198
777790763575541770
839441027727228938
483574003026493450
687594495075942465
450560779046092801
468098833772052510
546210967709810688
287581818117685258
416269968091643904
501026510212431873
744259078917980190
705121553129537668
246685028598284289
723897507096035418
417226560194740234
391232269685227530
779736570072399892
456666377969860611
810126373237686282
473530015582257152
689149777740300410
691982970679984149
847945735504527371
713795346958123090
805353042567626762
581811936958873638
356472950565634061
406116314222952460
768452580451811348
487604883797573633
446695002618331146
437290017942142976
432127518359814155
853805099117969479
608368964187193345
474547725401063426
750785668057399396
925196194693660715
685477180238856220
378863927125344266
265481968597073921
943545284405886986
583962575591702539
622052007280246784
442374376491319297
938528301834706994
862319058048253982
895376925676142594
699623334459211927
763701869800718386
832963032932941834
814082397673881600
325665570236137482
322803689956048896
871003630038302731
424221855491162113
591628620989071379
308281422920155136
975296934967398400
515391651703685130
585797770456203294
936204233965965342
649989120290193430
751378123265933322
915281752044478554
866743593766748177
427197335416602636
712271134049173604
662014764066799656
500716023776018473
556904385763082240
535553925579931662
720402473877110785
241588792828493824
542400609467498508
394798374177472524
470689482337943571
861298460409200670
793242924489244692
307918147099557888
704208293484036126
554277511874347030
873383977522724864
621303179891441703
940361511514292285
813044896726253619
581482542411022336
520556009899556864
703952594522865716
384077842419286016
490904759151099904
300325085846175744
778866755123806249
554741811512344576
456194639636987931
689153820084928513
420275687220445206
935144465318965269
933336930505089035
231719137284456448
585513104742285343
480036598352707597
906471812467159070
944387236965789736
652206517444935710
292366146475130902
923281968139997284
693042295313924118
527103318401744916
352433181292756993
287200686058504192
694613301719466094
548350826674913291
693481037967261767
780755466795221002
759859357386670162
703962260007288853
402699944579825664
414822924005015552
457823895240704001
763036584534081576
754376898028765204
524651383614472203
888513082823966781
604726446392344589
762236496878108673
476025157987860480
795710689657880577
742339025955848233
762651384276451339
513356279423565834
595548310333554688
692345315310698516
911458863910354944
428051205055447045
706979247641854012
646753748806270986
850281343459000350
423405733015715841
938851367651516417
777949665655128074
637557620655259668
793527348934344755
812953058572632064
607979859787907092
411596257866547201
528618276301963264
310790910197760000
339119852033802250
406392517337284608
434780913583521793
781341346723135558
327157699185868802
567990006300540929
769065212484517889
195890897903288320
442403828420182037
290498142921555968
852909803092836363
516969784324259840
476379747220324363
538430543595962389
856581509230493706
663412643239034892
605849075518144514
758008762832519208
802697791498747906
706536063174443061
319067643082440715
344464267635851266
941399599858483211
880782378568650762
271906390077865984
183901300017201152
928063937524666429
462667361695039489
650963678249746454
822426767422652416
368491866678886401
732557383271710762
857646217197912085
538015640766906369
384280675571990528
615919437543112704
638399501241024512
777242593581858856
415922727480852490
297396224015728641
518687772429778954
958609108406263861
655289112487526400
797155887813754929
547835452959358983
531915686054854657
548570623085903872
469115293562568716
218720559402450944
690081141554020353
472045138491998209
692789169830887524
627935680105807894
916360117186887711
563656919634542612
282850128480436224
675825537813577751
524247855041347616
833679290204684299
823325697413611566
395099866730201098
419517730870525952
402491841544716291
675623704239144962
745652420704731277
705424583771291658
700598051047211028
404638728435269632
899945150061608970
740191368604811406
703358915823271996
727642143707103393
357464520723267584
429996168559460352
285014161845649419
537647225959088129
929008382407495721
452196576295649290
292720277823946752
858369134349385758
247689217176633344
715623054025162813
808311084376784926
919991219201916979
968556657577693274
710043974299156501
533314319589572630
791525551562293299
839043296034029575
474467957364228127
714892794694598716
302469050745749505
670691357433659393
936034003461476412
852623984494510142
924243457009135627
450596889352470529
210807362364112896
941278595408625684
800720515185770527
933453372273598465
657249268825849857
522324380831842324
877241459852578918
779476655474737163
263581159709999105
792436437352972348
825076099461414932
770645731936960522
866719758433648720
852888748084822068
636996380522577951
511542878799921152
500720997805064199
976544244011520071
440476236385353730
408575197759668225
332899754763747329
937373682970554409
447316108589137928
926136264955162674
938757570867376139
339684432057204737
919566421070053377
839092996543742022
504368932732272641
251749281688584192
668546582827761693
428974157003489280
660489088196935690
349909907224395776
272042123610554368
700016728998019102
297016978848088064
632140005770264576
388348483377299456
857634413630455818
941433997169414164
466145789736124417
918922286613024838
771702243728293898
706552296368242749
568839566367129612
788364772436869130
557229961086238731
849212545112735744
663054161104994315
686928407618912279
585082342125600818
397006009819856908
914114504391004190
710001566513365043
610515101962993684
375678805118812170
579204386610348043
905904221881249802
645649122270904321
702393489668702229
693842975666602085
950720823919013928
664036593182703636
935901022067507200
860942014107746344
398808844551061524
704989680172793939
508991080260173830
468477530069008384
397778600813789186
362270523977367553
590179475111804931
589611547521712168
799204705283866625
333291651747545090
697009627027603470
390458155768741889
850275587342729236
508583985572478980
696007170835087390
823589288431714344
772671312354738207
772430252789202954
514303218705104897
847890472039219220
953975599930675200
501334177476771841
817814056697200670
896450630875508756
476731884022267904
375355172240752650
703175191869522012
699627941642108960
717008842298359888
306779365742608386
525741070173077515
519229206068985877
771375768643174431
531835088984342528
546333138532565014
683695360929038359
885941246110089236
689023360835125263
910494619140227082
539761509476335616
414043213301678080
934747932622729287
673229038793261059
488226014485413908
939581602692997130
483337016583520256
895032320946491443
773227098016841818
771457527154081813
942751257460883557
432275758078099458
702828001041186867
441631329151352834
934537012638273587
518851249362173972
461775062584918026
846093870336966661
604295427491364896
532138213578637312
930086560924327986
254234454938222592
744835774943330407
227098170004471808
791598226867748866
659825964867387432
854661424454303774
783717182709694465
365494548056506381
281837290702110720
897768911129423903
325302682208436224
550983113631596546
589060761939083293
736856805636046869
339407554696445952
629605256510046219
390526253045776385
258615321508839424
499217966122926080
687320253402841138
557230588462104578
525710607614214158
279283832581259264
616667139490971685
776833564624551967
645719987096649739
960598400951271426
697094983555088454
833013291823136777
893150233528242196
843801309731880961
391982804356956161
430795043498885120
627856538152730624
668361764190027786
822481035027677184
561475184142581791
747561766837420132
580025590804119573
803276208988880937
787244402790760458
785814354128928788
462559763499319296
644153783303012362
288990330810925056
426460874320904193
296568606420893699
784534845568843847
305383445759000576
412612212633501696
509059767096967194
252083234068758528
425032896412123146
234010034047156224
457535853305135105
537545560660377600
900280196249309204
815563519423414292
668221617146691605
688034775226908716
906908609726795846
844897938927910942
769963780305977394
398212788469628929
841735756597821455
424104318375821312
535021206840147972
770341556812775425
193432735954501634
693846021238947862
350376207222702082
943899281394389082
321252987521597451
430699032696979456
795728495825125418
682971287391305752
682247747495002200
466229699874521101
683581864094728218
240528373250654209
218472656050061312
350558163696877569
764604083033604128
585358101847343157
445899162739802132
749939839817744434
973651207275020368
749917306670546984
755098425959120967
294505041740562432
914888558735683664
302832328009449483
933089669011341422
755740128034684958
800816458564894760
341577361474715649
696322536660533259
904423972005904435
763063982763409438
613407018711252993
647533930093871143
612060695860871169
562696311044964352
314383319934566400
733389827483107339
840304851636191263
896492650381852692
589531145863954454
682552268121178117
761281740236128326
458204415451463680
852580861416439818
920018273821655043
495498614970384404
869254802058674207
939541623933636618
463719933528899586
464024260554391552
902842339549147149
647465794275639306
680822548086259774
838392352832880691
427891702917890059
242347110668697601
920101169127370802
427759751154237440
428850312779137025
623910548165361677
650747394996305931
753923898654982214
297054290764365824
757680119409147972
533398924627542036
694480171956174878
502336228171972620
727625784604491856
901485257616928848
663726334111121408
677835295357534252
702205558685564948
892693426317951007
730701934251737118
708396985308413962
704591755542003763
905143433759424553
664154782570905605
912775729815625798
660071225384763433
267224752903421971
307946745998999555
576760251135819796
523146446690582528
435378234482229248
815949931848138763
725708393431564350
833272635138899999
709054373040488529
683782620232024131
931613195171401768
285731098871201792
406344252277129229
463828689126293515
943545662727917578
366215043332833281
401318652974202880
900609274521198625
388695745961787394
568767660041568266
763243739228536873
781128637914415124
308454905247563776
688494561810710602
899346309142691860
926895130886144111
312830324260208640
585785297669849088
780789471229902868
935429203778756628
361461749859352576
286351775718572042
472797836447318046
534371694580858880
763095078725746719
690564539665874954
885371302708408331
723581884122005584
908663361686888450
957595327488229406
690101598986567711
696583050871701535
323093576567226379
639181975332192296
386962138373029899
587267219491258387
537669396710293515
336162945882914827
417040920676925450
737351313540513843
326453235722485771
895901979392507995
426320990784454657
705841723884044394
573001360279339008
975723039700447343
875086359403069470
875450150305296464
719801935406039082
348173696176750595
514058993665179651
663045538370945034
810137761792131113
443393975982751745
606153311703531540
365133790399692800
779224655303016469
855579306659151912
651079755742838785
341890377403334656
666295122841042955
473845713596317698
691318317276725248
424657917183131649
706768774824722472
477758797293813761
557264035100360704
687713248610353156
537541134742716416
435716317710909440
490849547204165644
676129051844280330
288281123585261568
456834158451228672
426375347773374466
520253275128332288
594917276592111626
837637237390180452
311882509057130497
326579479562420235
503980479050153996
867473578534371359
258958808313888778
913087384474759200
792772699175911424
296310573245923330
702171593534865529
349943861466103809
443031270512132096
285365939950845953
668006404279500800
572101355410292736
812266622588026890
403563324496674816
416902367158599680
939472882738819082
930816199795814419
690639090713886780
943207867111055411
749617868198379521
682307061392212014
765243968086605875
520928086422847500
888402567711850536
550707468666404865
836548882984075275
543836429898219540
889291070532382743
762635266232942613
778978934632480819
700403275480039575
936917683180560414
920390751572078612
924686270712672286
665175168636944384
874389064705531924
405465317205344270
506814394534199298
705376318484906034
401527380302102548
254560342263201792
764474727968014348
724643408588832799
327454967499587584
533531236111745035
527074756730814464
460716011969052682
941776683072114718
404504263247659009
752195295386796164
826910915407511572
295193924799299594
860185878257205268
942350524055945278
792337685770665996
468490648035655691
772738568921677824
678590712651972608
688463418273038391
942034637373448192
719918820600315924
618044423602962432
531818886308429824
942866546043256852
784587034764902422
941487822882349066
769179001528385566
571746926563819547
366245842061099010
426749767339474954
287605474692431873
663047484121284632
682922793616408627
709402192028893265
901867033262686239
697160019954761920
486733156167188501
820031033486868551
295831765988147200
306497916296495105
693886369650573444
713471947895341077
420878274957410304
881919422422474833
768838486026354759
464826933968896000
808805378288648233
717458371212476416
885596119512535051
710892758436675704
365911839198150656
940402834837491782
391914428599369728
407792040903049235
522362352843096064
513282312696365057
675051023055978527
934730507818782730
429608029424451595
601459440012623902
422027494083002378
285051501519437824
381023826114510848
395540613337972736
752151508740603904
343740783205154817
786262115375513600
846439224298569758
829035571510247476
928767045548531824
691326690630172742
361081153110671361
462303484499329036
402068473179668490
797458540615696406
677194478318256131
692302856723628033
664144691075350587
854167921893703710
491211674687111178
693027695935619092
389115778378629140
642335605853913090
624219584433750027
920286142488776724
512679733838872576
640436812007079936
853230589674520616
348888405544796162
474640615871873035
414797467163426817
846034885365071902
963443459614720060
535173726845665301
756498511649964082
744774231056973946
691693113898434621
316206826830036992
281837674158096394
295601211833319425
616293846908796940
428500636741402625
938439823843274782
850823085619806229
695683936403062804
547332777939435520
610565338475790356
756180803746136115
925007700838998026
752921123024273408
791653517915193354
506405499621605380
236426208315834369
659042531425910804
342037567723536386
702173260518916116
760530138181664829
468702033289936897
602661163456659476
538361855874433025
493334328357683203
703210485515812978
402480198940885021
862349697557463100
400305407979159554
412265147042627584
771680238044184577
939584051323490365
775641908239138817
541650771175931913
642364446261510146
857726527340412979
701777816861016115
259969276276899840
676519907302703112
449549545756557325
759091143656472687
887378557561626685
531944316487335981
690431487610191913
835773476375363604
941757886508449854
975765243085086770
495558352118480896
699199414111174708
926519654678143077
366340206481113091
348775694127333377
377108794351550478
544143713811693590
431805571877044227
301758776925749248
466118694389415936
300193559997317120
885580378524500018
717518241517404190
475987077989662721
804024051277758554
406850755291774977
317317939588235274
714966450627936367
341830235223883776
597123984110387211
543014650426425355
491636979642007573
795673010891128853
662993274579189791
956859273701367848
821766423960616981
886217286892027924
588288600572166144
563401935718449190
761284837587550228
257908931505029121
474587875900391424
875083546539208725
872149642236792842
386797813326938112
622467535324839957
806633123751788544
794288984514887680
608358516511735809
530403916542902272
688433351463403560
837416035832692826
938399438886539264
823599487326224394
320684180667105283
685032521972449280
638685958497370112
791732797404348438
583722104059592757
287127357590994956
627558348090376193
661329652949712907
646062764950945812
830112745596125235
831929587508183080
550272247122624512
485567778586099742
450632972232687617
535736091861319703
525725902307328042
496353520329424897
717060598617341982
695335367460651109
875207834764201985
506427083023450113
577457768320204820
744951205305778307
909848057804378133
934876998797492304
248742381187366913
946027179916017674
716624343316037643
520969992381005854
656825122099036180
661989518404222990
733581565069754418
508648999318716441
892046776079634523
774712554835804220
854340743274561546
475001303144333313
277355352247238667
527578886288965662
849999917522223104
786552512328237077
459391354804371456
942393999409418270
494219397263786024
521658723739893770
721887237838602330
272426916018126848
653620207654535171
642426237339303956
300969057631469578
330731740236873738
859181453849657391
957246115563065375
941774056548610078
518475845300649994
696789757862084659
538397564324806659
368478386445746177
513353430711140392
949230688589201488
941661121033699339
842331975397933096
880250178014183465
685581703992836175
365846201251397645
676996105778626611
583920726315106314
951827127743963176
367194265270484996
541700479785238538
371270796506693633
551396052154974209
823419529647751178
638376340063649793
692358915089891348
762750567902478418
827251005937811475
792737319131938847
343107339689394178
936609274493292596
936947288192987136
692364815099887676
681920330054631668
694473144660000829
946425066500001905
543687923124666378
233299095891083265
832270934915153921
272729634205073408
509773882324942848
472802981897699328
289440778617356288
325579228500197378
939568419290894356
624276978282922005
546845957908594688
720678866019942461
325709184584908802
711519560699740170
251364148187758592
694931861671247924
475913060905779200
739474294181986323
707970267023933450
959838922488303717
555448830506696725
911199795266342962
781889002420043856
849752040832892949
533277204453523458
455283633075257359
594427982391803904
368502798863826944
659628532493844480
426398741432631297
642344568351621141
708659727562702869
921777348620206121
457169234695290920
411445698593292288
948648272740888658
377032735287672843
760046822290096169
624991223031136277
572441256093810688
536136458407378946
598258680462442511
767682441812246549
870647520697651200
900761753007308851
906501917050556427
585772908400345089
351978445707673601
695234319144321085
424478990510587904
418029278144364555
699127310011596860
527707407522988034
349215050050961411
482915053864091680
880551659841941515
776155571123519504
402265567899418624
391246287296659457
784025666013495296
878355205899567145
894295582166904923
899360937709031515
440179519408832512
978093228265971754
608229565684383749
930625928848085092
613355358580113447
679609260862210085
823667988673855539
631425548517638164
691945338118078465
585158539916345415
810458448734322699
546296220860284938
763338055766769685
429721586489098250
929103415857008750
696270752999014482
379356482577235968
896022128778948668
934515863623712879
348338475239735296
716933168749608960
921124907641872404
936918152586092604
371259700890566656
695362434906587188
816682562407759944
929132022063071312
666036339099303942
940272962001584169
603131232674381824
412462214495076352
779743244581863466
389164663444733953
691982000827007077
717375170251194399
670552533391114241
695949568419954808
468537668322721794
683665153069154415
792544179795787828
816670139554201661
696319288721670205
839999726467284992
282261280214220800
615652763044413480
769581117165666305
933761303737155614
904821256690499584
542821424331489314
702693505788805200
761632529136353290
534290273614954507
692638489572802601
837885776896589834
931950642329702400
261699301837766657
489107685128536064
764812573664215081
531978291188334593
779406060398182420
767733221244665896
676466813973954561
397439236657119255
427050669321617415
853481796121788446
320991172061560833
470909786511245313
829368685055574046
831160006313115669
691329742657290256
407833484422545409
855543096128962580
547474783588319253
848584777610166273
759304004366237716
850296745833267221
860175359793037312
680727559222198272
759336316323889152
473419171967926273
885904038120529921
401795475759693834
925509651485839401
848680296505540628
820410355825901588
894985296008081410
941790130409181255
344156970011328514
779273218618818560
376026026947379202
364023352303681537
689469833905176585
940359980727545887
817642045439082496
642362035212124183
491583370695016458
780072088056627200
635554149823414283
832971268209770527
838090187413651507
544171888281124884
438389730829402122
428765978982088705
951879460846714900
461963596738592798
454337510701531157
509069251764682752
747875050576674867
789210032750985269
349722881615462400
423311317399764995
251766782962958347
361410203427536896
862990535349764106
457513824036061186
656462217125953546
596429471716737062
898117476137730048
442416555205066755
603874272158416907
589445811088392212
703708335068938280
758998685195173908
480670745513558017
973596485549719612
481491630835105803
527037028538384386
640163618373238805
817437347125002240
927114142538682458
721240561272619048
504299074607120385
294771338017636353
941300906526400512
247376676156080128
267424719702196226
824246686369054740
703626234109886487
484731351107371038
431815838845370383
336492876957745152
761575515181678612
778297292276629534
553523401017262081
763084808908963840
580020843334336532
900030078476496946
535840774336806934
838066752687439924
794872027772747777
416613590158540810
719716993124663297
718764247001071667
941353082556661831
578436222389714945
697053286162759770
823287214884257803
927581299726757908
782196932331831316
934724799706587197
564857985537409036
368655582120640514
336125405419274244
612637916283404289
941718106601062450
781099979053596673
419161864040218624
585048744765030400
588564375875616799
690709249340211261
852824022881796127
254667038562320384
563393065784705055
568410788004626442
261609880065015808
847938590284972041
672012180199309349
602465864012529665
672035691760451584
570838330456145920
722850849625341972
463059453013655552
619467687461912586
869317055504076870
332998961143218176
323392786139447306
343411484874768384
697375186286018610
941233597027844186
325690451405307914
668060444472246272
692657622180036764
734449770424303716
700404763791196194
800747870709612544
531853463324196864
782343626096115763
741285645020037220
572381148164915220
936363237690208366
505130960325705740
934484890492207144
344210850841886720
800001315446849559
840272111008350268
529651544430477342
898185983567228948
348046255823257600
465212488447950860
927242376957808691
929335432221712414
694941950218076200
971401653607608350
490221243073560600
292322295148576768
615903383760404490
797506580693647361
902931926787194920
828345839465398333
930586263705239553
211547663458500608
147720794686881792
763400450132672602
847746936004935690
299460586129981440
490148760895094784
432113203728744449
439790185182396426
726026367703187487
533206841480445952
539696614156271616
421617111819878418
991330362296905782
736986341623070720
877221186378031234
945052493639979038
558234013983178752
571665582148288553
746733170149294120
941762044603035688
530461440365035540
927230597187919912
762014165719973908
700026926970175621
277776563280281600
752799571033456660
774179502116044800
616248067162898442
718552910295990382
941627853093634048
533287262578933763
790574345118416967
822461840403070997
907017042190815282
898297969567223808
769891232720879647
189671933762076673
823314191603204106
450202600185266186
688687425887010943
572442358738583562
953331987643502602
347071545996476419
468743952468541441
400272754026217482
694189392373481482
991439052626722896
862780897891713034
547365932872237067
712655618619473980
600612811638439968
723219706672316446
705812551354679426
652956550918307840
452883871017467924
581189664531152897
615548889692373002
701462798475067412
736893743902490634
760157761014464513
541544304804626453
351015421585129473
246959017178562561
921768209995149324
822827427108618266
329296720204791810
571759044822302746
356435090877710347
587741338062160056
265533080243142657
296624627210518528
731109216147865651
721603739634630686
370850336300204033
347309621733490688
393801040191029248
518084298016817152
895119197170991174
585434228473462814
930856382385782824
695487292927770655
586636490461806654
931061789435781120
704839298121465906
820743401061220383
764550677699231776
640907285115305984
776132600758140968
523870164865777664
919151606522609664
796075496848097311
841190430761943060
973598726205632552
422818679760355350
448837493236695058
538761876339949589
954500852922581054
280297123184902144
294016291101081600
348473987593928704
379297983000477707
411540186405535744
436177711694741519
445577182178181120
460080417379450880
479641106007719956
548781013816311831
609817806556364821
763124405525938246
852825987355770890
944327892706398210
963422662565187584
942176426520629269
936027269992955914
397812171989450752
298883638903177216
461291051886575616
433250795140415490
336052005262852098
492976930430255104
854789679429320724
340785036246908930
403641699932307456
811116747096457229
956247111630995526
344493668998316042
810102580512292868
699930918583926828
533531074865659909
601266802051514381
508636111283945480
368080043756355585
927609705612869655
380633316593762304
848213698606530570
956876607459569704
711472632876236831
903363863578288189
326663282742132736
955688360071032842
790650742087483402
505819031337566208
398189732661559306
647834062840528928
827250148282859551
668697749427978251
349188502090416128
541222971646148628
941360316795740191
406757881573146634
915896520514093066
713502778344865873
619591717401919488
780335328052772904
399627105815625738
782289822898847764
819231984692756552
862333755073757224
817833673629892638
724549813487665152
934725238590156831
382717870737719312
489793570429992981
957314233123631204
358232747304681472
642445922172796929
473900212524548098
347807527309934602
735036230261276714
294762288303308800
424912882933825536
671282656608124928
457168172965953567
282885018148143104
406481560301338624
734634017550237696
741259380808351785
705814646166257706
767046441188982834
492592476129984512
388730739308494869
763704767527649281
499982746697990144
683372109325795336
931978895702503434
616953471916048404
885603805503291432
763026278721912952
716219247340027964
508320178602508309
519886262480666635
636269978600996884
279507699052314647
325332841359736832
341640759512006657
361975277527498752
376408326587678732
377823994289848330
386827424916307981
417247263375491076
422073296016900117
442588965065981973
462153358044692494
474212788315619348
486580338622070842
494155455078334465
503558773013610506
515137914217168896
523393392554672129
525370175101468672
532639273862561792
538425921892384778
544509192690466817
558921690084540416
562850411480875010
565977199979790357
566979465343795241
588779251545931806
594189629557571605
646082172901523466
663871397495570443
690523024625106973
695260616763637781
696612853209235546
713059433097330770
715122229171453974
730943797059387412
731815293307060225
742001981232513065
743146258515886122
754765290713120810
766716171848122418
779625366339190815
782918771232342059
790660283663122442
790912500417691648
799603647825575936
799604591553019924
807785130743562240
812931742607998976
813105829842518048
829041102941716490
832945187390488577
851167149455441920
853279242359013377
854300463993061396
869148128966737950
880458843325341747
897913446417440869
902209426306506793
915841359712256020
924129290453393438
929685120171012136
934727856611799050
946136553741221939
428575926826172417
622004746416553994
792684435724042271
745713475031924897
386555708910338050
518711824598695946
475712551746011137
266506102131130368
476801837752647702
675334198344679445
659103633740398633
270275273637756928
893978543732691015
886686151241515019
762775695628959744
952525454772936714
906952276856418356
728511563753062400
282209030712328193
435442359967416340
361219101542055936
622774974100537346
585312315923234816
683556889128075456
513672351221809153
278231840572047360
648531485040836641
726011135958056971
641505793941962772
831837230402240542
696551461508743200
411199324895182850
888148811678105601
439326046148624385
435720180660699156
511123148624756756
919334332269727794
321573477125718017
435470087697465375
422342653779247104
350198814017060867
770731969776189440
244051903124602881
709800674904244274
727581414416973905
935518037140987965
866384256716505108
343086478554824705
698972150542893147
447398448954736650
877629323983609888
788392382088609794
676139927116709888
406865094283231233
589719267562487820
570700601944702976
849299911081984042
695776287004033105
627567601769381943
660126102504734761
858439178265559080
344834392868388864
287487815627964427
396349619753189376
918719781975261204
938809285922664549
311527499337039873
652365671983874058
693162960063037540
414103720964390940
677913943548755983
475743814313836554
764425421483278357
920002197486436442
881464640859680828
718461043973554287
829346366736039946
823955453892755476
215861401023938561
827139819087855667
298773988740431873
752142499656499202
852874870874177556
475968280428019714
919263459286319176
553588619861032961
911268439778291752
645267294720884747
371687445185560586
399984300872826881
411128812659802112
931549955208904784
560661211520172045
724324641442627615
521332606961188865
228966742108536833
696292504676466688
376759495466156033
629958495227215887
595985074537627658
910645412786995232
648934632758313026
355924869776539649
490413585584095235
765048067220045864
616247976351760385
839562051118432267
978637772430651392
607505441676591114
942064286266704002
235728386461401088
311036674228617218
267950179049668608
791398085191270401
695259939874275380
358261968735305731
517356054368223234
318836152604033025
343829039426961411
703926120604631040
504309436228173824
856948639863144478
356532317810065419
723166861201637467
392361440587022348
550628000148881409
801785458697699348
902539885804683265
364314199767384064
747869447272005703
418821304414765066
523143649496662017
697529346600075404
881642333693681708
703820430540013629
855770227852705813
881622898874409031
856459161537478687
716298110330208263
690872436631273482
901192184689217576
958723989914665021
508195711880396800
902899317575139369
717448558323695666
970767149167693844
906285729661976578
574542711705567232
421769818241236993
447385365494628373
603897776366944267
414374860849020939
697366842095697980
898932112776900728
704376230551617717
809125207620845578
729726539469684838
429957481137963008
855346294243065866
928366297199300669
453470820036247552
688381187118333953
501064136210382848
659363023491956766
767095965529800704
863145569370636358
526744015798796288
760840071837384754
670206212406640642
467270241043611658
698972579859267615
596711433358671884
864263068028764160
693503194147323904
685845220348133388
613464827884470383
761274507225858080
528610803964837889
734169539117318165
341467957911617538
935323656001814548
740876277032157277
274605059868852225
783250168048517150
415539279616278529
431814779200471040
280620060203286528
818482138181271572
442311707835236383
772554067259162676
295805727178752002
822107619241099295
434049021548429322
475013376825622528
462269744964173824
891394968244076606
262580700891316227
792360166082478130
421335749007376396
324856093782179841
469164399941124110
425551662367637515
794897025568210945
906291798157168690
478864032942653440
687696532224475157
316659162253885440
167343019593433088
403236300792004619
236826118512967681
317280737269121024
271363002857553920
636412554855317514
416479534502903809
607199891629801481
760153647010021386
425321699211345932
770998305542111262
664823318775332864
296218361707102209
681111585431093288
568457366480224256
875150279073488917
457928905207316500
603697226128162826
341528660320190464
842024666439745576
426715680256163843
717100023094968403
363663393317453827
283097348228251648
453472867892461580
632638665176383510
807355986272452648
850786831762718742
696295522289319976
513817929104490538
848943690193043456
511076128039895041
938073787914674217
779666602579984384
242892779166892032
575561544390148096
773905500025651200
614541085146087446
835832315195555851
680640154330857653
610891918028832768
358964549401182208
939118645894840320
414023027169165312
455350899041239060
837187818030759956
270566486463086592
815234949442830358
958919143141281832
453832440184700938
209556237044547584
931466809968836618
810880134403588126
292308725618835458
364477651441942539
589856708780621834
602109117259317271
502100392436301834
405457791512477718
800100473704153139
500295691378229249
905192618722467840
956600562974072852
867649919150194688
694151992733335683
839569837909999657
698600801962295397
397679343322529793
819072883887702037
659457443985620992
315542865650384897
298838429049815041
882253375155089428
929380772102696961
661971683762110464
452926758241697793
830836071046709298
419463411139870720
704727431088570488
452442730732453889
487690800508174356
588795731704414238
761249420410748979
784850022536970240
582637267412320259
660194882232516639
745640605945692253
939568375628177438
543096166787579906
499560403466977285
298405273771573248
577143838875844628
927584386730303559
370871998609358849
939568634655805450
780460803433431070
871366337115615253
413785161834954753
392664031464259595
241248798112743424
774208031629639701
770229695484264459
836627127071277076
429724844314329128
927615171071991818
969463566031810560
297110752865550338
256849550713683968
731402347422548059
493096010969645087
259712842389913600
844633055183634475
979650269606465576
975471847321784410
697108877774290954
726459838120591361
766379955927384094
447490601022390283
328241723149123585
640910776240046119
603264228010360841
768032427486347295
403135851237867530
944564617412222977
819778342818414632
242730576195354624
937133246372802570
235148962103951360
264060253400858625
421918583203954689
155149108183695360
937148136831471706
937500302423228480
447498084029693952
935204899065589831
817977392071966720
701614486880125010
688694759451132046
990748054489555035
937124465937121281
378918506756046858
204255221017214977
910917175081074788
629668513765785610
