
850022358055649301
628959802093076482
792825792299532308
579300450466005023
839105700256546836
960947502020968508
900718755787722792
776400888092688385
419108189829726219
591313607552401428
322542752393068545
475741311287164938
699183689917268008
976177699791970364
745216249922977852
803429699702358046
561661328398483458
871030811502198855
869129326015172638
937687554222870619
408309695753879552
806445836748980225
622702998790864934
344955662263910401
940216499937873950
863427469889503263
854021418693558323
683422398342496368
510151500425854986
681210765926989897
761995516900278272
799377456900603966
285122126535589889
866002271887949874
1003253353591087104
870979355168354305
980353606207303690
811513623523360818
894164143966396417
797175864831770644
912980320456937474
727243689100836917
482377594340245504
737092510488199179
617716931176300544
670572065962721310
759484344699715594
889474309301616670
953594115688378398
631819543211409424
519545287367458837
790496483949412373
828517477443960853
434375125173927938
865114757631311894
563377558415212544
325629922703835139
689041324732710951
435775729234608130
735759835785855037
857638022791299093
711509983765725248
860472225827782676
562991068375810050
934043113624846357
878052812527898675
947894809828413531
393019833413009419
850075198228529152
942051345396006963
835839853320601620
831900918312075284
737400466249351231
507992242502369280
838373316145184818
824353973359607847
866384256716505108
886522738678841354
264787979036393472
863819638844293120
974396230153166848
680453534348607501
721772274830540833
369208607126061057
708616355024207884
993622683201839174
235148962103951360
575776004233232386
971488438337544273
184405311681986560
294882584201003009
499595256270946326
310848622642069504
559426966151757824
464272403766444044
620689014910877719
794992947803586610
963169427241713715
536788591628517396
900075997024641085
859506952916172800
704180925734322235
692409000209285161
896097111748251718
719236652123553816
902560256167641088
941442893242044457
853356570041122917
956470299254194216
847199092828143616
950437994467328050
632166107930689536
703483556319592478
618449339676622879
776443383379656734
802881675083382784
804641418911154188
702130680985026611
875066747433123840
937401400332263444
937403664400810085
650025531483619387
937406181851398174
937407398660952195
888503913962151957
956474015906693140
937402712818090014
592399994548387880
760950142454726687
911202780633509909
937405221678776320
823530456028545054
897106782227419229
932879432425812038
938383665350733835
906125441096642610
952847560496779324
992476317918437376
939200211950108702
441653090114994198
795311837108764732
630060176891838510
424226042882818048
901011844779634688
993586028529078312
947625649961594910
838897193564897360
931472154107711508
487311303816249344
937403822391840770
815564129577861152
975508403310952488
919218631810904104
364113215900221451
711027583780651070
655852031562481675
992476783855284234
968560500269002832
846706916754980894
841518618251493397
605530785880997899
842116898019868693
956183380658098216
947273943604146176
952834286212485181
964975173675671633
728294357647491103
931855375957884930
875863785481592873
937408497535037481
792409305991217182
938158945170751559
820202370285305868
856919940128309298
932006581418217513
934189244199608382
992474779678425098
880900006251466822
689839667696500855
505287410079498240
913358157802266676
616510276535058433
481887378420793364
958982373356236801
599677898005282893
938136597663191113
880101155017998356
931854754357862401
743711214777139270
816401897802956840
934087345630773330
784701404308308028
943535711045419019
722873824856506418
935017412787585113
963002038449504296
856762611990134824
967583665808875620
931863385425989673
983317950192820279
955830060366053491
933679888504868896
917137543147950081
409323082910662656
646318780435136512
693053422164901908
814955527762346014
938291885242466304
957131313280852069
954871640456564777
969189422790742077
870236855977783319
948867504351084634
941693303286550539
909133312214335499
932625560830627871
937401537955758120
936939668740657172
771308515293003796
994707270187356191
417733953349353472
388015402413719562
934190326380388362
922453736771706890
743114897478385697
938205298429153321
931394972060626974
979477392240304218
945276053415403580
286246299257536513
957362412699414529
975506457804017684
508615398485393408
310396577644806154
953669472546349096
926989774953283595
930475588592996383
931866206581977108
937409402401611876
858593441437319190
980415416193126430
955771344308547625
992474956740952165
992474884552806400
979733175473414164
910929056499900437
623427889282416667
932003971697086494
852951442830524416
922391265398628353
967584636345680003
936951576092897301
939035890360123422
942181828381524028
898011184765239356
932211876702597200
526719871698862090
856854861895565354
935169463484043307
620352657495687178
849739970768142377
810507821589200907
712785287927037974
979415871875350600
432318854656688158
921643706291990579
930520181736878112
992478269842657300
735795276731777045
952082075115212830
583914080444874782
992476947496042516
650637204305215503
959419824587563058
992478452005486653
966280797478858768
992477926819897415
913856357885702184
960472626453696552
943268783714369576
959215980410708059
992477117893849099
961946314898301008
724991241325903895
937401693077913601
848610652528574524
931855823666282496
992476256958427218
565887983027224578
437266878491131936
626479930150092850
959290997697826907
800605234841255946
764051726382268417
992477427605454869
526344014421557259
766338298913226753
938174769579302973
998186608157265931
823128434305531904
936954881263165460
863773755687698464
743107230286610432
564740909409894412
627122294728425502
914171157064859709
681143993156763863
992476219750748291
711509883899346988
471458365625729025
957108644678357003
907065641649991721
992477271250194452
533338484828536834
852611626296934441
939285719782936606
983091262901080124
920287496896643102
777870631500120094
986286163843231815
800339477527527424
931645583956008990
611654079932006412
526080886282911744
713421641303982201
964167586759729182
931542862896709653
262965475997253643
932554701013151744
794283045703909396
718147164944990378
942338264306704394
998641082164314133
938202590527758356
938192948854665306
930964437563748402
955006195914145792
932760560532062248
938824313950318623
823303802630307881
992476513561743431
943557171994591263
992477953285951631
961606339795255317
909184748470026290
854822811445100604
848456596648493078
959216017710661652
955063123834974238
937403353166647326
807532663858397184
932168607289471027
931865943485845564
882531732174290965
903702565227737119
933869221878841344
992476551360811009
873926556131684402
714129786342998076
999664652705345687
684761914299121833
650373359372337158
768893138030035026
877969887190994996
928313041165099121
998586919216746526
992474965406388274
947420809587195906
692649194984308746
757356605523230730
934184262926733422
933030258490355772
858906029797933066
848984639242371113
937409412648300544
933679883375231016
785947572216004638
616182024675262471
860930290587140137
848299829846868008
974033738214277130
959114175152554054
543093052118532146
575183957239529482
981112791811362866
549558099867074561
857603699240730655
628808884139720714
924514984933863454
582711220260438029
631817129825402891
853771469942554684
821761467010908210
911308458932969543
888119967327875124
553959146609836056
979470844499722291
930855850522857502
927927890346143794
323886171509751808
734712103826620516
832253520681893939
929740235598864465
632573157173231637
831043126541811712
936849151403118613
913973309002100807
939602274215415878
829358817451311174
908696937862156328
958808256539680869
728654209464926260
591499670337880065
779820824994643978
726430718980521984
936957747843436555
932922149092610078
963003722718412800
211144644891901952
944504922236399656
911506006125735936
868118857062182932
858797398535700500
906087411463913503
929508078712389692
885948222487535646
928375604104007801
738396850163417150
757144527575318529
962386839669456917
704081325539328050
805127111869595659
737622968133484564
905782213650563123
959476537634193509
935003032595337246
827824709264736286
723090403951116318
827248232953937930
908011225915465728
926850623448690718
935537262295396393
952956442288218162
716974259531939911
833974813890576434
870694164935876680
360823302777733141
945868541234647061
672078090951983105
329240754218074112
839036061753409548
529098422561800192
693499862037168199
803834422196830218
947021089551290398
939455607558262806
906967645822255144
919877770065113159
719593355784224788
959958921190211605
854421621682339861
961846242760069130
777835565298221057
920032552310423552
484765419740200962
817425811115212810
921009464348397598
823514921827827815
820397186184642570
690164431140683779
909124621184421928
728671926951739523
470137011991347220
689308414467112979
883428206080823370
669982110727012385
815910292621230091
556844985421398019
699358528430800986
808352190761926697
978416603458854926
558617871886843936
710204557690404876
765214710962323458
658040787585597469
