
934316246286082048
416209679157559297
296370608306913281
431358384080420884
550989019903688714
543300507771600896
996346584008765500
899375507240546405
400568272686415872
355966554846003211
256105195132420116
213019641046368256
955796658422153226
352756295352451074
689399690017505336
794262691887054920
381542926557118464
242341636242145280
331117460143210498
663086675852787743
450370686423138324
884971334965293136
279508347072282643
655083247860187137
483876215296491521
392020260020158485
994542154229764116
344125162419126284
928936042332041256
874733293654925442
912567444906840074
510151500425854986
292688469430632459
494888283688402946
696403050172121119
307556609582694411
690536670063362069
923232846464819251
525288381639426058
435448075276910592
701130856613281802
738715268561371276
969677715299004427
575397571158081576
878680482362048553
905458410345095298
979675867301150773
401398806194946049
810090683175534593
952178354201698355
382928188805742594
723078446150058023
764894481409376307
742426487742922782
799411366993723403
572302123954470912
696987665324834827
504889628860350484
388709471314116619
804616155405877248
702553360032596039
945922403349987328
676722696301838356
327420599276404737
673871589913133056
744562475407769700
819599376992829441
547104111615672340
933399374472577024
934098240876478555
632495042337964032
454595877114478593
629771819599134763
758645170111119380
694952630077620339
992476055178846278
634408681592717312
936250881370894397
705036867904602215
556058688788365322
420237235045269516
726053395521339443
849002141346693160
944699783946313759
289371883294687232
473797453439827968
630310342798606387
902816270578229258
594566662397886474
822898173928276038
356842462863425546
521697574269485057
765353221417599016
571006178444836875
504934581309276163
999500830371749951
987032111934505030
624678197157429300
610880268081037322
851936639642501131
963704943443861514
450571638057205763
582559564361105408
995749192280588319
628959802093076482
563716407536386059
278150363922825216
995633329514762240
366876595459325953
831070262598172672
992474403730370601
708232971479416904
981613887193493584
606898008864325632
992705355056427128
976215679151771698
434990569723396096
782992317194829845
503541087051317260
846294564545101904
310066662281969674
531423473407361034
721105496500600833
804441438913822832
540605957877530636
576756959408160778
441984068813586452
698237976144249075
417794734648721409
992857054869983384
364408057192644611
762186006962241556
953272154282135572
878267233246261358
921736617759215636
569537381506482177
548814227062784002
818510315716345937
794913525230206978
886201418673946634
413350592161906700
506047457176584192
815967203416735835
718023878986694697
932273906432217179
701681287878017025
707110227710836739
693381095835828235
449935378816696320
416665233512464396
920673041812443147
753151862609412108
639333561010356225
680860283798945824
349268295138017281
990847046225383455
950294349504196608
543124058116587531
529254509369884692
676033546430709779
989123723011457045
979377648633511987
655378570029432843
859940736841809971
350279328640008194
853018487206576208
813022283626446858
672040539977285634
841747093366112256
758312252540715008
701490624947421257
895969297292206090
368327033446596609
921869587182682254
483841744409067521
1003407702157955094
520922465300643850
778524412483076116
516531195761131520
965698553903186020
259726360971444224
239493768074493952
695958255674982501
710875416130355241
929008636074786856
692384177630216202
991306798487318619
955912448257429574
282511873100742656
995240904241717269
903596770263707699
934838078114246656
901494068675219486
803429699702358046
548143489788149763
429723125924757504
774660915806208020
318442175853756416
973654430845137007
645288901539528727
514513249278885939
635058578520276992
184564305008656385
816714618805944390
902929307800829973
687650475352260734
993508387436363776
535862891572887562
429572146600345601
775723868869361685
619668781941129247
694843568795156540
657673314273329153
731819838477041724
341283549397254154
948252088947847288
707879104891977738
601189013042233365
728938494495424540
863889706088661034
975793994208542720
675344548960010260
997815534542393364
971678817628344350
934212221842636892
842050391058677760
936952696420843560
832675911014285382
949672606263566407
815670648281104404
927521847526973531
796021456521396246
427078961634476033
731657686927671346
983015302465978458
858244087899750411
877538677532794951
548081457197744129
609536772589748234
808805921127792641
335838493941170176
661989518404222990
705814646166257706
984394957722906664
515217585495867414
777933123404300323
835124607505662032
766326580447674379
316599561231663125
932276600735678474
778605690876067890
691979759244148776
988923575652212736
523477193960194050
995061383525843006
854798218574299159
793667991207280651
784758351421767712
942778407408762961
667058470176030740
714171617152073870
763104683685838868
981681312886845463
714786641390207000
896678086471462913
503605638484721676
709508159621824604
524817816315101202
807487608686510122
994517752842833971
561435407800336389
283109436426551296
393086832784441366
287265821754130433
646725973022081024
589112358886965248
302995057865130015
927912534860779621
937687554222870619
920923876618285057
904304682283986965
882702732358746142
558670233020137477
293810926396768256
828318230782279681
307957375854313473
609279072262160395
284648738163523584
619094029497401354
808178274676113418
618420148365164544
443004480863076354
848561111469129758
695553088026706010
736264692179271772
389100588371279872
621736318132813825
922205732538040392
682275498490855479
414846329261654027
483335822553382922
616210301993353246
660097647327313920
585033197533003776
969463566031810560
964576821918203985
391509178478231562
671785673887449098
784893359134605352
852573420310233138
335881386298703872
694951068362080396
449127855876734976
548936296052293662
914460066898382848
675725250071363596
988015012616499231
552842277354209340
551036318658854913
374449388539609089
483978107896725524
380292125931339777
408994707516030976
434419025074716679
502805523369033729
784853623020191744
957917362575802419
477827709339435019
805481379932143617
504938601386082304
301231632210460672
393718806113157122
259361773310836737
827119346664865813
650976181025243152
516287788426067999
744265432445222993
634354113408139294
609394156363579424
498705651464142849
654322139129708544
457431288807424000
445254480754114571
839619848743944213
339763057859231744
407156282206715914
681451462295158825
332238217585623050
919268034135343124
660292825937608717
720232753492393985
419509459610501140
697154025740566571
512999443268632576
779820842229563402
548753443788161034
546693188853694472
395136021534081026
425169481833119745
462124378960953344
664059022504230919
435859507680247811
535473268526940171
579300450466005023
601119332117905444
787322475717328947
684383573754511360
523376380851912724
398042743504502786
970295372406730783
917092383659798528
766901374159814656
356214025467461634
557859249728913418
838511870703829072
555861452490014731
720215353187237910
564358869346942976
847752394351181824
680844402628886528
705299742116282406
709395035006697594
633080747967905853
457762014916509699
676083993191383078
465558527742574597
381523714556297228
693900431830679593
694518555894480966
702103635621969921
437560343330553867
436169582990852109
686985829918441512
441679106891972618
651472434372804658
500633377922088961
743759868636430427
456059100120350732
635438491034976257
585740338606637066
853634697070510120
217197573922881536
566331421078192128
546255025865752606
426772723633618946
910617229635235862
465460920135581706
764138106747486230
321628069615894529
381993813197193219
942828882195775489
700379563154473091
556552352900055060
272327874055241728
689132518506889284
461542799691481089
737194102596042824
527103773978656788
920485288604745860
890606014670454824
465538528374161408
882327330150821898
618054374203064330
237374252851003402
489100818084265985
620196783397535755
747754670205960263
382871347509854219
282163847962296321
736473192968880179
973534121592782938
699969536236978257
381145279061032962
805888963335946260
571633958929039360
669135859953696769
983410627156533420
380411385579962378
591275626686840873
522473175716462617
775921238450372609
735465765083545691
389809513341124628
869744569372246046
613086308226826244
674632737717747734
576020729741705216
406135139169730563
261079181868138496
327801480637579264
419137408911671316
333264884793999362
390540073411543043
897529007866785822
610914934628286468
391469131976933387
462219919732375572
561573432127389710
306828902578257920
863882136646189096
886710772066050068
367213955057188877
628193886770036737
554602654131814400
490410540473253888
547196529245683752
994506268125446224
818472920606572564
772900045506871318
611580141889650708
562202615371268098
620270264739168278
572430250387177473
316954055786364932
598722597726978070
423765353047392257
707884009564405782
500644541016309770
555609232670457866
541924511898009600
968438705796816936
808002540838584380
396565526039625729
987771157929414677
695524509557588028
250668904836235264
532485880485511170
879635095110156298
858127416710004777
692730023592853554
742411094487728240
325705158518636554
822362630424494100
746996745615048755
655473287627014146
411608277839773697
644960215804018718
167343019593433088
615893091156492298
489458596611096586
701525492372602930
533714786618310657
933970813525295134
530472992661307405
266296237215449099
698765014970007573
480677998190657566
259759251994574858
396586852225646603
540171944415330315
477480128813989889
852672236052676609
623134955123507231
522626935675682817
883773570323460117
844482849368440832
486098064994467850
854817076660273233
561186961365270538
419761568755089428
380729808994304010
575348343702683678
430278680271388672
550886063829155840
817981838025818123
486949474313437186
712004383524782182
734640882862784593
611108035099623425
711107818605772840
351826060041781249
536897491527008286
455625154685304833
526815651566714881
654238633775071233
410152578395930624
286120696172511232
586572595512475679
619176960991559694
979697523868434494
786594354554470440
647018097630248970
660852857972457503
563582041166446606
455365930101375006
906934108356227083
464025529327026186
841215404554846218
414713602163867648
352011734413737994
534017548090474509
701355902946770986
713692700645392476
735422408416165919
328934551005036545
715951387808366702
524554337192509440
689786003866779788
536560344982749194
619155156701020200
421260437095579648
249144570250526720
399620255833391106
923969102949806090
698036015507701811
701600953677381663
985531003927932958
626739776225280023
494929432096538624
978690459197136976
282055217904615426
588978846691491864
452464332748488716
431419944773615627
399240643383394305
268872667493433347
656165874390269953
926088062629453864
632847097267224577
210490738671091712
853036941704560641
602610129145298954
472115371764219904
406823543834148875
374570365801725952
613999323113586690
345902833541054467
409271841438433280
425713952627097603
414780353320976385
329598352935223306
357587243084283907
511382276811128887
762248350442586122
414127789713653760
332926546882854913
505827006185865226
834746452948680754
300611321861505034
909547787706847302
299583222524936192
870543447851941918
725641353517596672
674300733532930048
821739293713235990
445291679474515978
602169359439364104
469505026801401856
370657063019347972
988842261229998172
555325455335424021
374632050759827456
733689709326499953
920313675691208745
576837392091316224
629978402975383563
643520003030777876
214242274157133825
535699808686440448
506848451750002688
750263923785072652
551072619424776215
581732292616257546
938118895586377779
837665498908196894
344034870432890880
731400125934600232
470866153908994050
456921082709016597
847489643666604044
355712583107346435
689119169014530095
425972213246722050
621572166810337301
546366152243281921
486873963977244693
744967253216460952
508364476551004171
403541199534948352
540912384760479744
639161730001534977
708598018424963112
852957764972052510
333909678511882240
416616072427339776
991800287268450315
790808223283413043
661672674812231680
777352506493239306
527879468019089409
883965045787205652
355332477222387723
770689516968607754
639455110577258506
656903790452146176
490803270630244352
282830066277154816
440124006448758794
875677367794806784
477146286282375200
519585606980993026
579596137669984257
623791553571192853
662657575158022154
761853693812932610
936027921959763969
512528560913776642
822085035740889098
431095058910019594
509416765403693066
766731453777969203
420629939927384074
495637828542398465
719606709223686185
825347746894315530
954715846582890527
379348386697969665
316611709496328194
372444919459217409
637722979236839435
825717189826445333
582521136835985410
830806374182289418
483283109761253376
953671121595678720
476660197226709003
329743428722360331
418814730459676672
205392329798975489
335778111410929664
761312534154182688
863106401811038258
483242262395092992
853229921533952000
597033379774595091
629211669205221395
87163758039797760
852227410492784661
239043095805558784
789550713067929650
579690106290569216
740144599510548480
545250238248779776
642705958103154699
437552262357843968
325904503373299713
588073785966592005
449618555583856640
871331477185519636
524091337746808835
640227275480104967
478496294025953280
462035013693865995
873468149742313482
503891081012969493
432227486298931200
525694463000051726
580069030564462592
559277376002064385
733750338171175013
680711236949639189
295888588560662528
370188376416059393
662695452545908738
474535092648280065
516565896366653440
543702979199631362
636533728075579397
344895726830223370
644882229994061824
356855461074698240
395968191513493505
685699570591989771
751064044471058482
358960406783459349
867368992809287750
489113048854953998
530001271990517761
571921357307117580
434043203641933824
844199541247180851
658202557612687391
406804617867952139
639454527459688483
544177092288315402
581538776350720008
802563822984364103
805057202812354590
457229749505228800
522450989169508374
907861641796935700
351795339789074434
514485589576384525
671350240581779476
302759778936160257
680345276766224404
317901889045921802
957983607203455026
491848694711320576
606023611727478805
638301094472056833
351662951771406336
284691246918664205
631387183374401536
883745362936987648
431330102282944515
702392655463579708
619174466970451978
456469087086837772
449863484684107791
613461883990704128
689225624195170327
924951397634572368
340590099890962433
295825472808550400
935622352056762390
790916170886021171
410497790511284226
405399567392309250
542334928117956648
717031265613905962
952096135718248458
963169427241713715
328429528441421826
696618248954970124
342658771580878848
467679390696996864
757919908687511564
768151693229555722
940946959705964546
812280182576381972
471611645257449482
989849333136519238
964261364405260320
806552162342666330
578104158461231104
542672737882210322
960087255333077042
971420251717795940
378947790623211521
483271507771129864
348751315641434112
523116533245935618
528987760284139530
575670747197079565
428048180639170581
474900972234080267
329332004997038083
964890955490660362
629946653708779523
300372068426448896
976862832568189008
447681185053802499
464768567611490304
517538003313229835
660062874542145536
265507238116982784
584920502427058187
675375034231160842
531606448158015490
770731824137502740
563780293941788672
968133908925415534
975175106684915732
150207731733626880
751725926693470228
951872109628497960
756798889494839298
885509661153951804
774341366997188608
882193672131715092
800011557983485974
592301121750564884
620514271968624651
404281974262595585
483914754478571521
847549084809166889
617716931176300544
510455082438098966
236109782551887872
558987937254211585
611911243829215252
442319314431770634
266757463276126209
668489745449484298
427896548249174017
644445637152210954
243401537966178304
813793984832864307
575341404944072734
318370783623905280
747690357915123753
522434706827116564
532246009028411392
807334229624750090
313283247419293697
988802510758236190
712399297815248958
520663605566373889
874221378625208331
604746638350745605
575633260319735808
404725376141492235
632934711748067363
429561064192081920
393570454306291714
517648991828180997
664463183477735452
696354131987660812
979727349731954708
705848616329150504
292336992874790912
935511889834803281
539849155258875925
433942202939604994
765399486796660736
940567193119248394
724971020754092125
512948689380048897
555057501859741696
629961301271248906
481379736313004033
808605475649880075
244858682297286656
551481350151077889
443435538872008705
561106595178610688
855064706968715285
264568941324664834
428497768198307840
681179515229175878
489816791317741583
447012987417395200
518892467328778251
473934987041832970
535781424159260692
398878761493463040
629736375809474580
500245559286956034
598298350105788443
892255401347809332
565882459556937739
693400538984742922
431491583469420558
935222726673711124
640279437232963587
366502140589506561
560163599411314689
518392502366240769
811235789597310987
338628965260328960
801849063338541057
761992785942806559
277435731528646656
723125506286944256
823219454787452969
721809421914865745
339295927066165250
540588911408316456
887799799695433759
805355834623524864
628664824674385940
519857322915528704
852636023837687889
707856764497952820
770895149906657321
607458988606488597
296085218656387075
747495646935908525
299493160646606848
515918251121967114
827096355146432522
812722899492405268
473480782308966410
780766792170995723
403439719129808896
373437864089747469
675785005603225650
409600665036521485
333522028004900865
808302690987802654
525748612039180348
290511573254930433
473557861109071882
545064635146174485
644610248417738762
851443804119498752
655117916609445889
940649380397080617
658625308718661653
522408339552993281
287807180671811586
420649205208711178
647697185281933333
983266119504773120
619577565547593736
429304215463264275
714592985752535131
582078944455688202
785981504085164032
817437103507636275
986695059330170901
721783540735410226
415207811815964689
521055812731273226
477750427077574659
890682418506367076
495256332207652886
552824291213836298
279850172278636544
541262761913614336
617894775445782538
458888894042079233
426389676186664962
246234820416503808
595990931086376970
276758706710904835
333533522323177473
821104363245273099
766943378599575552
521685252234674186
448011742405066752
635134893461995546
493538692636344320
626033051914338304
508213234436669461
409714569427288077
453181761388675083
709431607806787667
864873117650386947
295603885253591050
595620062254071811
587862243857924096
424969719574036481
440692683917492225
559693594043088897
768606077762928650
573935378667536463
742668087790272675
633354110376214528
425581306957791242
255417354932977664
330389900463702017
618361290783457282
319137804892372993
627813088002834453
718569391553511566
375951688793718784
806523376000565279
473832151658266631
582585928774713412
936270337430155355
503577234750046209
418399422871764994
377428725144354817
722757283951411261
543838250880729101
729836036536008777
493462991497330708
536158428771516419
541038545536811018
601376238673723410
572177080804966425
709325578557456445
310820232497201154
450514429713317889
361846175533629440
815484967752171530
265822619167752192
762354432691273738
815536877678886913
852954805206646814
620888496537862154
667667304456126464
665232283954970675
870661229214052372
561661328398483458
277484307553976320
549280334596931645
541305597547642904
702201975604773185
722894756664967230
355418524316860417
479097994835263493
697448279088300133
374458306346876933
855851373424803850
536754400429998113
900748347399364659
968780391710347304
672505684922859634
580433867979358240
484465511908900864
573920479442763776
224258779523317762
541867000557993985
585885995489165373
630035027740065793
508959135551717391
672791052318539786
726092058649165995
706540354295562290
826424508692693001
752855767287070781
852622385316364399
461610260637941760
542320708299259910
455610860459524107
704708582964199464
820290416716152888
988051678345441321
559041565629349901
647497098496966666
327316237862567938
782665901228294164
924243457009135627
302751671761502210
560010053554274305
693753412399136768
774539411638583297
903584052001533952
556802863922413590
472431638970761264
810518946545532949
312965594871758868
993146250750857286
967519075506982972
357896829117136898
386235495027441665
381438774766469120
754759252970700941
778910064647340042
588370611747684353
796037276881911840
776893306982498344
710222261227094026
419870019225387030
371985457417814028
428765978982088705
622096498351538176
852611626296934441
608694282013900800
429211327828066315
680374327916757003
658706643386761216
411967459206234113
788504835392929853
529639693759807508
541268296360525825
508564274159812624
709311234939420683
810832147148963870
852664417078214686
275229491117162496
463991142187532289
931938160982773820
688637711242100785
402397267249725441
638011962487341073
437220912484319233
747024155995799553
857158388902789120
927006540504903722
436537934896824320
628926756249927683
456629313739948046
776865930285154324
549194174503845890
870157692344365086
810804664870240307
454549001568518144
676091598316240936
514444539293990922
559360644932042763
504293325369507845
508642815589351454
473530015582257152
573952354970238987
745662932922269716
691559789456523304
375485350979829772
879839523167682591
682558962834604033
487551988415070209
395954985944219649
671310399471091713
893177718512959538
977827984700489798
870923568257564692
424221855491162113
649943255336747008
515554463705202694
288300731000422412
936391231620145152
769569352265367553
601383858780241920
557195916306677771
511161776507977728
992510742144221366
465467505003986944
535078845376757763
750279064513937420
716525431985143828
471261982725767168
211933670154436609
586123606371729408
292022610915491841
612289565566173184
481112218897743873
477710794834837504
351766742080552961
435367275546279946
341522618203242498
691014188109267004
816013727958564965
634030223310061588
576971371221876787
293102808067080194
616933893848825867
548570623085903872
437909380097114122
457846380820430849
427122062390329345
403133917378510851
461174344849293332
503900707787636737
615103027518636032
608676160574062592
416158741168390146
302454697233481739
828335540242743306
145871536882974720
965862967956627476
555028798882447370
761996411591327828
444537264115286027
552017043784728583
486424336064839681
560155949868777473
361883613236690954
308655572826324993
282850128480436224
438346062420246538
599564223919685633
691577722312458301
705389259481284619
855205257289531453
493788556645629962
536217012867694622
901864687774339092
1001440987123552327
668119308110397453
531732522787274773
875003261122408469
918703529688989726
537245739865079808
582860450996289536
960104544329691146
607238641881710592
547844825823576064
615610997113094145
731959714807808041
817419560944009228
854327608442486795
584245299371966464
767803090039996426
462305414420365322
729682517614919710
705404614018859081
607074306492727297
455482700984221706
790196109485277214
670954126531756052
654943017932816407
562163908094328833
613708338684887040
420993728111706112
474806573722632194
711475638820929570
486045666225815572
539008666662207498
484391432644198430
481919149023428608
336891625190195202
826454588432973825
714915679727386685
662581943271161858
805035516105457664
252070606982348802
256035515202142208
279960111345172491
667392524775850024
877095090600951908
546040534981017632
728934324455473184
379537859738337292
492226684850798614
299511803317059584
579035769495093259
853733077943058433
789575007692521553
571037912322408468
477223372518850591
708307362582102116
531956223600230400
456871650319925299
415687141339955212
873508916678496267
798415072157630494
553200129134297108
476826170583678997
948877147097931796
326458595774562304
741996024662458428
411202582497853440
885751249872498709
491226237746937877
660417215731990528
936634631611097138
928586274594512907
980786691365290045
647420499399540736
734339082062135336
662191825225777163
579299052647219230
441205188313874433
555315710050566164
755745431803134045
668517756777529344
404230196548468737
575984874599481352
383589834889101312
386530487050436609
856108216227725334
703596843275386930
583899897493979156
574994193567580171
966003244637782096
571304819776815141
643058473067872279
683291246655045648
624817198166310923
785536606018863155
890991695213232148
169448660776648704
665825178550272001
674522776932974592
500252427530797058
474201561317244929
910892903637860372
690855258280165438
820776544397164554
959907500449222757
650325069456998410
930916889817911316
760777942912729099
386232474545553409
548524121089114118
532308768218939396
409689039721988098
554712692452098069
540243723087380480
935651793336156160
456508270127874058
461565305705988137
561557088224935936
605294352411131906
262016660582432770
907707352067747932
748867015095353394
675807215399075841
639440474649657356
294398401682997248
604025377664532480
364823805496918018
691980518040010822
722825262483636265
294508219718696960
254613502080057344
537669396710293515
798364942616100945
691258114967732246
465932791725686785
452520561214619670
528960672814333960
653133111139368961
520610381861748741
616297693567778817
700836118043557918
562985168546037778
668038144385482752
272171909972623382
745325853361045616
467317081990496256
350134650535936000
700259836645998593
618038816997113856
945374579428307015
402330464074858497
751958459028865065
883615623106687026
720882269346332813
730358518011658292
602422277790892037
311079994707410944
963765648532570182
543792746679369738
808615361657176065
911584786039054346
837418328641110036
568725282924527618
570276647438385173
691698852637442160
594975327286198274
547835452959358983
806545603462037544
687340591465496643
594073245762846745
637954903003627591
748215666892341280
689927799787618454
752913017611747338
703982361947275384
281293169835114496
518388125047717889
477844341822586880
628640000174456845
461479284859469835
731996111480291362
451812644257660950
328794873488605185
939257778881572864
696431191502487634
701410023900971080
952313249032978452
640593048979374091
499270208356352022
406295879281278978
427800722055364608
989086710971379792
339015105113227265
880757207975751712
913510184717000744
473849498813202443
373104041405710338
686225661102129224
667782948199727129
835837458066964501
514344227770204164
501339300198219776
745927111419756555
873670136635224095
579993263830728724
341124417503494156
577183653747097638
372249350765805573
679295954934825041
365171205067636737
455479775969017876
484230454053175296
706721277850943498
852648701259808778
733706121872801812
324597524516306956
538363845442273290
696267666565890108
821469374158209086
785696055270309988
552521245728440330
416535344583016448
370937271131832320
897726311131406366
933747335954059324
474819426102018070
543680461709508618
549580891190460427
553271989197078531
492983059856097290
808983803212726272
639943062029860885
530656884995391489
370614718781456409
645631567330410517
659723551531859968
852966411202199593
544143713811693590
925845166403772556
852632950852157499
864147111624835092
840266610894700564
948806633486696489
400178977630584839
862539550970216479
746310141510680627
474125810438111234
369975830534946838
754361819111620608
544899003788165142
881431996235128852
700319079080263690
878342642692415488
565761490464931840
613457859690102804
400678522840154113
896455155149574144
676899398747160586
317982017222606848
836863298828763136
623182650978336778
675641099611668490
705825957906219011
710168676057350195
850741096526905354
708352651968118885
639848359699415041
690115459538092111
427892681503670296
311417985883439104
852406972938715138
299192937688989697
932205420582436874
861670194978881597
262155460461723649
726729263750840360
536423632407232513
761578075724447774
378180734193500160
386220839730937866
302784648998682635
884005064681857065
799201932894797844
604620276054884354
582407037057630252
656105291456315411
479529004466962444
950845249255776256
554278620168978446
751437941041266758
829793181755375687
330039289738035200
826694479565160509
693453618451447829
889565503973130331
482335466235101186
578218496325058570
557468313328812054
406552899972235266
994884591506690109
675803393050017795
507523288009015336
498162234275397633
574584150854467605
441183651653353472
373093502378180609
781906167290527755
826472354057945098
344498974117593088
537519843172417547
344742856205795338
703204382203707454
499277567824494622
628124538097631253
326302659063709697
887662827026931783
555760116838825985
806807968313376808
888720439239655474
450208326165463040
618449406273912883
673020219232485388
669984576206012416
711654680836440075
386586621895639051
663318914729639936
846743682765029446
451776719477800980
857184619728470076
748081390255603752
576383562492674064
877450995884498964
566612959145623592
618403758816100373
805350459337998346
311039294229708811
801154331885830174
679258695867301888
489763930244382742
484328546978758674
512833530305314816
313265797512560651
662320542497374249
618038867206996008
733885124420042802
476415011799957506
834122270553276447
514513422184874019
483386405351849985
974007950404374568
867679573897641984
497041897752231963
483882684104310784
723911766588915722
485374141130866689
352752514736717827
632477327896477716
491575453610409995
437839028201717771
678073121449705499
719186735325511722
363313015233314816
601302760826339328
922105463951200337
903399773434970112
469833015451844608
371375372203196418
402014420454342668
290200751479717890
462618966179708939
586626426761904137
618808849322999818
571582120749957120
252051659629264896
912740236776341554
464144829169926165
639002657079558175
717789800530182205
733332957531471922
772849167776350250
970595607507009567
440818295365435393
969462233669185636
284970926032945156
828974755193421865
852626778961870918
521544972965642286
557891550181588993
906135413993922650
759488719874686999
455731841723269132
390857403798913025
651114560614301704
878052812527898675
638240043793907713
691910504330952747
194766770299600896
563299752851013636
994645252113694800
740469827558178928
421947295316312064
727095550167482378
507992242502369280
943561550596296774
561662405655134218
383911907712565250
701395777502838816
876906494388494336
790545771144937513
566276300403114015
458200167687127051
415865207412359170
913101483183071255
714108753477238874
617770192797302794
744326791526875156
319929164528615424
769779831591534613
380333063420510219
880499451284840510
445164513587888128
384415359635161089
539546185849896960
744548444349268008
656176376755257344
324643696299474945
384420559569551360
423185297040343040
426405848047288336
474186794532077568
538279218346328074
554951792668966913
770843290551451668
912755886718586891
606472924945186831
432229787084259348
770919380732215297
672752560766976010
452451468536971286
697017925462130708
850022358055649301
350215109165187072
830606342725042206
476419714327773186
694423948833718314
607109383968784395
631246482661572611
907938429378109441
837674273056227388
618429321911992322
926320241527631922
751099388889268304
452810079599722496
577755270290079775
985870052479869029
489039725819199509
900444671363416115
914144829708075018
591505513905127443
576084149748891659
420634232566841344
794126336620625930
677597067056644156
488000448238714899
686506726928809994
471341337183256576
530694676295057439
276345121732296705
630144121494962176
980406132172533760
692827161161236531
496302968547573761
589066463596249098
451719461645451274
741297313196277801
661158926636548096
808741465148489789
792825792299532308
560499257690554368
284754616984403979
662276193013334037
731004922530627625
555398579598917634
556846338302541824
531832284899442698
628638289401741342
462511269304336384
562939739057946624
605818063043952646
419889049378226198
773627571669041165
666961007280914433
517632135511932928
825720041482878976
475619805672636416
609811037210017867
277285030886113281
707555581824860211
645306637195804672
553220851231883307
545270836995686430
794244384383959054
548586800428613642
282960977878712340
712277328847306773
359330518682042369
969188479797985290
402486167007657987
860064878513750046
571650919033470996
674320741163991041
692732112754704437
609476178968969286
502539740659318795
364943608517885962
706839698831835176
907178314635026454
561441747759136788
423815441438212096
454595685820661771
414050110016716830
951787827903991808
530458124834832415
347781064707670018
546337306567507969
716686248298807316
825025672836808755
453113568137838592
899442550081998911
729681563637383171
299219415126245396
597459182794309632
942861700804247614
681739180594036784
639791706056949781
813317993987571712
418731071136333836
435784302630797312
705831808272564314
735593534048174150
419482007106748437
828269612537872415
410504658646335488
894914800906293279
320536532354072576
678155886145044492
281077259845238784
375242450651840513
279975235489366018
630766467952017437
931095630565232701
478860362771595275
495781076581613579
288351409433477120
816717371371946064
942348414685949994
313008836959272960
606551585195294784
308594186888937473
788456254204018719
467282036185628674
422855848134705169
684401547492196375
698130027778408498
913875478266413076
308527299912007683
819778342818414632
368672308065337345
478321260481478677
235148962103951360
556408107815665697
843785706429087766
863313392211460147
575776004233232386
970748305531338802
762721281313341490
292762240069664770
964558359682510939
964965366604374076
964580013171155014
994636845965119528
310848622642069504
977285673574866944
402557495693934603
822557315076194326
523217401370902530
286509694384603136
464272403766444044
315926021457051650
375805687529209857
583011157913239552
726192581175803986
418857914040713217
532204596903411742
970262761969963048
535154987983175697
297798531518038019
194456890544095241
