
213867825624776705
360113382243696640
632303972295639080
449509068936314884
959833181295628318
365171205067636737
510822252095471627
468086249069215754
611914379881086976
397218830251851777
299972738549022721
832663471892070441
699954939459403777
283957280679133185
480364275613958147
857291176687042600
513065787720859648
536162303205310476
311201960864776193
594093404510617600
343774144195985410
356761651896385546
981613887193493584
728938494495424540
447094914539585537
338325872060792832
356435500912869380
352366607122563082
287516366649688064
717800236789268540
623860800167215105
927611332864380948
937804913470218251
765309676945801216
666754454393192459
956320298607734815
906474098442502164
920083171326959686
502463022904770580
747909447686291606
952158132585529404
700303875717988363
924672199628042280
403553131037982721
515883470283866127
631191974162202634
406805103413297152
845695141314560040
944984932923613224
722527500068192359
575318131367608320
509443170317107207
921869587182682254
768412483701571586
843054693453922314
903965518308995082
446299228113862666
663418524768796695
801137744591585310
499831629158809621
941764430419603558
488675079333609482
325565081536692224
693863973933678663
776175315529105409
827462602481336341
894601883602288660
819532087090348053
610758703301525515
558645823013912596
504025302557786112
854659849009889332
645467119097610251
578103967775588363
414439417776701450
981805029231038545
533649333770256404
936567902042210354
901848438742859856
340847995496955904
814510359930470410
328794873488605185
409283163421147136
530786817663041536
598451311385509908
419902163016220673
724967806675845181
562978191044771841
747083744258555955
414833607677575180
542663891306414101
491536351204737034
595857570900606990
708543987170148373
429916757466284042
964559966356774912
752196925448519701
665587199903006724
359455928329699328
898874888050339852
960936726128361513
619136841979002881
856507696524820520
799377456900603966
959338526846124054
546348739259006987
502815657323134977
667312807804665886
730685449047244851
500628422800965653
815201822343299083
302519799634853889
725367120271245353
902595502040842250
567631375012986895
748256988936405075
778524412483076116
664835395233644576
871812849524162631
326124597579743233
815664546202255451
821061020343730248
769117584678322176
851805224380530718
971448437168046080
916010836831658034
873883086448893993
956499300765036595
532215751705231361
888071018919378954
931165756153004042
693684529688477716
794992947803586610
930504733439975435
854997330998329376
472436298175741952
424292931902636032
526858220208390167
817397876123893880
800781615567470652
474614508191612928
777830943490310144
664541742283882496
646023670971629578
502558987116478474
689008742037061632
437277199389687834
445577054424137728
336459379106906113
713060688020373594
462219919732375572
364963719299465217
948554812260229130
444870256784179211
734304852058046505
841370656562217020
743168824592826560
681510854797295617
439857611492556801
796861188993974342
609263415583571973
617031543411572754
347549827246194698
945271456194002964
872549760094048256
798992137047900172
473013760320339969
302436683578736641
654390678897557562
490041615474491403
489103787047387147
637215858808061973
542983695863119873
877226915805659188
722174059390959656
964451627077603398
951609642813886524
865901675146772480
746415989373009935
400940024197283850
967354669351460864
785564716000346163
531089686224044042
723805398888349847
699505336104779808
372753128543748099
589153082164773090
519601497206554637
328241743931768843
455767912104329219
330755308928630784
870668046249906187
803248817407262750
339674762169024513
490560094514184223
396264380859416576
783015650016493608
701109540057382953
736898352880549899
500342985163014144
660923677319233598
141515684776509441
497723517987454976
582175150682931210
678281416403845141
334643907432546305
478579173200232459
645363974334054411
705417774108770414
665627160249237514
609663797141176320
702090774346596362
698882864959193088
432899026866798593
526778139544649729
392659910896123904
643520003030777876
419714155566858271
839836414492409856
477867340420087818
451430231413358602
812338195240058960
651516082754027537
491662610102485023
755164531373768754
595560649430663170
660894008171692033
681133180777922672
784572446689722410
923873447732469820
503564596695662593
494799382408069120
431826506822713364
219146756808507392
852875075114762290
625336182733275196
638710730132291604
927247312818946069
821353300049395724
719606709223686185
786207250271830056
532537286248628224
719286719777603634
693212756064862235
694921583793406003
814452567651254283
881251378146734120
916977778845442068
714376135043186688
718407260799369216
556469105608359947
511887469235404800
882723444540727346
349495884427296778
969302621355671592
87163758039797760
431898282957209610
485510932093730817
488000448238714899
373436490690330625
747778890193174568
814407770391969792
665252720462266380
735118905239928935
555359887169683461
300311775671222272
280223519202344960
803600256876281866
541956850548080641
547390731573133314
864942424319852594
554939553455144980
845634084613128203
826936413773627452
632505008465772554
534779327351488532
683732177162207305
934748833026555914
934105193447059536
715807958809706537
389417714051186688
454658764197330956
738426371705143386
351067651344302081
254741627816509441
979731011258687558
298867257352781824
840647593464823918
768064654345109534
830422137264930826
875845230862172211
761293151058657312
667978379177230337
773824224258162708
694076815261827082
674681567947390996
937144436532580382
375211179909447681
707650253712523306
515168519135035422
501757040234987543
678578010474938384
737355905875836968
884855278321946644
768385572946575371
300236313670451202
784825393587683368
303315432432205837
265507238116982784
714923768518148146
365107730790481921
766661294522236960
708208060908437574
844862547696943136
483914754478571521
342738004516929546
617716931176300544
279188111412690947
964653473163526215
801400362527227914
726105470968004712
902119351384178718
752796937866051604
308974167603150849
939209162565492736
655150463192137748
876598253238509650
440486201477038081
434666608485597194
531969459095863307
538387793190322176
694896621661454386
538357813735325707
807357390051213372
521361556882194438
944604226158485584
548972800145096755
664956542495490070
414473269157036032
802570697326198834
951044180623384586
391859449561743362
452074274031665152
453208724396310528
393863728363339787
427013854749523968
417793923113811988
771778978729951283
607092819726827520
908284592690200626
553627638393077760
668899834819772458
861586458719813673
315474811100856321
543392358197362690
735954387507085382
476452686556823553
454563016701378560
608270063518220310
938738815718289420
683294630158401546
385289928218640386
550989019903688714
898905092714020894
928004931682701392
359669964107546624
508675211005001748
899678827779883008
445649158024724510
186114365131456512
438373352139390978
465395100478996481
844588058799505503
769213367050305567
429630027450155028
942247265353990185
941682934610554981
542998812189261854
508213234436669461
593016852402405386
249175254478487562
541330960948396033
655408305862082560
520288372535721985
631805586203476022
300001272847794176
598594323608502344
577910027377967124
732697462040690758
217571369053847552
577033428902477865
571723036798091278
706203572500562071
394194332346875915
271664249535725587
508915282538921985
690134037624520724
706225472601849857
924405792118034473
717801677603864697
619668781941129247
538321845271920660
848829348119445524
805119410188189717
224227223672979459
479929261982220288
555292045317767178
794665963890933830
641278352531128330
729920622288830484
948307472874106890
852800332328468501
971797773273923594
588437400464654336
500372073009381377
852873545998532608
859170247419625493
776669101908951091
586176791300014109
573836552996913152
639405481483436052
303487821119881218
892385730352017439
560916263258554388
581837674932076544
948641161692725260
825502823968931890
712275305431302175
294871487024857088
793428122934444063
846410040049926194
287820901725241344
610802391985422357
445893684022476800
281449852540551168
699026404926554124
903705510086311986
936228853653844028
742108371808813148
822540337938825216
703250764805439582
586979707010940948
342672964057038869
293845337880133632
301332632380243970
406864873322971146
716061934121910284
618065174162702337
844257444859084870
607360772699455521
528208960596213781
747423292570468443
762651384276451339
820298264993726526
387126956216287253
703239051607670785
104046192521912320
595940035237511181
478626454649700359
427715804750938112
555010531317252116
722852386598682767
822475187198492682
528140761494192149
930586263705239553
530365343311462420
768041904214245406
361192037233459213
855484757987164191
651793789417029633
571568427043389440
296370608306913281
606883447641997322
368755533450051585
732708243624951848
548472033114193920
433939437018284033
905063623087521822
419766825602121737
722078508762923049
400381939078529024
802662810072383498
896640426096877589
810619290335576065
606097795912564758
764105581404880926
793434713221496882
447143510139994123
931993150938038352
857341446382419998
795967514924285983
770350146671345696
411510346000629771
519175123631210517
830060148965244948
545950801747640320
826184816462135367
596430805710929963
501038596560781312
159706429245095936
507826462494162945
317583650679947264
309611949765951488
719342424811503627
506775579916369931
498149368516575255
797015919036727307
586189604986683392
838772185002147892
520922465300643850
666317945894338581
663788983825727519
404955460244865034
580317851508932619
884004091871756329
663773955429236757
950008889670266880
537669396710293515
587976725246378005
433635147464704001
542761886673010708
425034904586289162
790602703536390155
787483993489801276
938055840131334175
754663677457727598
869693541272678430
521774637114458122
647088409436749845
949259893855109130
920949544873775174
335113802809081857
357580363586863116
880877127346573372
570260151521771542
866673263094530068
417325407776276480
736588362655334408
960644011977220216
520895728709795840
787022452759986176
796718249978232844
886201418673946634
210816199485947904
309362111434457090
687320274550521928
731004922530627625
721416583020281857
947575409929781248
337988492749438987
929794709294047333
771302304203800576
477062003580469250
691020924840837181
596064276498612412
878938415318593556
888092785289334844
714386737383604326
577492387106914324
655092984525881344
400017812573257728
747171687069515796
423834041100271616
423323569674518532
874725634184712262
949642110116716584
900050539411300453
768491713210613830
624654124880756757
399833006237286411
541165960825143298
708459181883261070
550345241291653121
686296603270709266
706137587059785818
313340441280118795
438754455010410496
930493905236013066
810475548576317441
698579789589643274
656827256303386665
830165105660264448
449116812999655425
648863538613583895
772795630631911434
581791824298115083
895600857381494794
391657531321090052
609425111111565357
776557971806224425
603927136595738644
819549546786062346
808497398435283024
499277567824494622
453879895551115285
708397018338295869
937989238476132394
545671796528250913
874271013859377174
847110213902532608
413640815835873281
631058722851913738
408241182410276865
902252453767045131
842665047574839307
920923876618285057
931237200224477234
823058607100264449
452707906073133057
901907405036744724
268440729292898306
901611961119285269
697840687353167904
383944457709420545
963896264804683796
841341293283770388
450719684787175425
296331098546241536
800232797137666110
718488093832904745
895721621493526578
481030245466636288
440063366829047809
290153555313295361
851160097854193664
245983613223567363
640159881281667082
891344766665650196
252418654866505728
843854855172653118
615785970293407784
883685072719454238
946409963260096524
765919104271777842
938831738350731264
979440591253426247
648008957046030337
558737190331351046
934423139218235392
980738867986595870
548523743069077515
625998646567239713
586561063953235998
569145322845241354
848517552165486632
634499189254127616
849727077161631814
879623939935043605
705814646166257706
284960444219785227
814754145918648350
959859542060060743
504914844735242261
304958149901811712
587549075344195584
753620510725636217
239360821015216129
296994243514335232
818747443550093332
510800731968634890
619540093748641794
491967135145525258
929669585421103144
727831813954732055
529259519302172682
638845056920584223
366820737207762947
902893452348502037
278441928587214849
461925832496250901
537663861558607883
333518891135270912
901211256302747649
852254138560938065
565194522611679244
557809785651593216
787941655759421462
635448731709341717
384334035096174592
338994987461115904
570312135578484746
819464208248209429
431505917889216514
698444787698761758
909801239439618118
756495204374282300
658629994691559437
695206784561971260
854400197340954667
952512147764695040
928275196119498752
676759467517542410
530377594525319179
416673866979475477
981670234576539708
279480004205740034
701832236818890832
881680281638150154
854659138714206228
870327611195293717
772109597593829378
606607870678532145
704387930298253413
249226884347330560
699558324277870623
545596228839276546
852840224061128715
764376104428371998
711825615044608050
632853840546365440
827448992484950037
349869341660938241
808091465833512993
569966687420547093
658201462345564211
889069613688684584
795352518552059956
859693444296998942
853163973737185320
656592410662666280
251770915111698434
184405311681986560
962080416070770698
631911091219464261
891551416747950110
277929466947436554
974327083532714064
518049855638208512
286863936660307968
702091194091700265
937687554222870619
936204233965965342
725853832264810559
360425216402259969
287933503251808256
796334302316593162
878591962364653590
617237130447421444
880499451284840510
511893357648412672
969548058398441482
984225029480927304
955779026042118164
801926975534268464
923612392099827722
861856464771350559
720659440084320276
589879653230051348
457762014916509699
915661429141557258
819778342818414632
944212290952105994
886217627087802418
792376742127075339
920747795076505600
469863219343785985
760485079851335750
289052135159627786
452518902186901504
1003253353591087104
933735747813515275
510806421802188800
520241918102470668
879644588082601995
672717028502798346
307821103420538882
709529850301644810
605315884214517771
643002766058586122
389085861314035724
865875552123748354
863414360433098782
972461725444096051
272937604339466240
703889919143182416
531341376101548062
391616513360003084
509641865859956747
627569922687631371
662275292198600704
638597036970737690
523076592176594944
699876650548199484
361572823376068608
975697791466754069
352406299218149376
711674010618036336
507107540211990528
575776004233232386
724091661319274526
290548668031827969
968038246795862056
786261723589771343
745216249922977852
973221239797723206
865160893242802226
357160170075324416
708598018424963112
746909581250396211
861856107973967893
270199165437476864
741987512234278954
954715846582890527
665286960658776064
998343709026422916
556474381082034197
294882584201003009
309184695013212160
550541805700251649
871464859995369493
494165661594025996
880350591690358808
797175864831770644
933399374472577024
421985061626314752
835161110343974993
830781875983220797
429616269826981890
605882004839333908
968501060169789540
853333702784319488
940274896334880788
404019943953137665
531917848826871808
779375477134852146
675271508737785879
949376735080742912
457726972458565644
758688011365384192
659730666803560491
797706331594817557
489101952681246740
546282458916716544
771429795623731211
373186459357806597
815652804340613140
568059217072881664
445105925754454027
596022042743144448
712971911306674197
381056511645974536
936737922642739200
509033479179075601
234702352148332544
936033558332592178
913101366984052816
711894835308658698
777891683277864971
429572146600345601
506020029251321856
854667729176887297
678872905794191374
854062889048604682
773493381934219274
771304313259687946
192227421364158464
724878595809345577
664760030637326359
863305317403721730
980026567205978112
967435748695506966
911669137598718043
495591320728109056
720714019102654519
770623406114078731
315926021457051650
852774177827979274
475001303144333313
627772306667864106
487551988415070209
674969214020354074
494126655892094986
496681977844334592
804783471661940787
612289565566173184
971493553811390485
969265545859977328
393835051978194945
339799352551931904
538742773830909975
916402056640745512
683691885373685919
919565892063469568
951916097903411241
746664226407448626
562663287481958430
720009686501294151
928796720006057994
374286295884759040
450283155593887745
936952696420843560
836939371190026280
573108436120633346
308658723545546752
615118343522877442
882531732174290965
814213561970327592
488247654166298635
917777704835772437
612630207190401085
794240892549595190
985950864466382928
683307438380023810
689895073550565462
587183085645332481
949672606263566407
972830061080248370
824195673137872948
439369429994700811
415924151484809217
910642882954788874
906235276261736510
919619283481403422
796466343796408360
323278168339251201
955187661503619103
852195629777551421
419409857095925760
690923499564302397
313232234092036096
994972575543345244
849659819896078416
317317939588235274
445962280555905045
744915007493374012
709313854974459904
653293562213040161
860905809382211584
802953196103663726
914789355124588544
518047660666650645
956876607459569704
913441894179172372
984394957722906664
705567081042542642
793522387386761217
609536772589748234
818860936487763999
318573076646199298
694080246210625546
628065768738783233
587898699338743808
434184253388095499
401000928360136714
510870242050965567
397717719257972736
840272111008350268
312473154046001153
895267665852121098
354568710712852480
691910504330952747
980450639727452220
825826162668077106
658736410550861825
830606342725042206
891590902076801024
808740425783050311
384341565801234442
571326118666174474
863835867239022612
384612848091004928
583634798879178782
793440430464172032
469179692541411349
628143946329227264
885517358314180610
954631126864003072
709688755551731801
811821697455751208
598847680298614789
946457475643768912
971112119053455381
