
978511737986887712
798992137047900172
643033950197121045
829518159996256280
275873266558697472
976889687270633583
920083171326959686
921869587182682254
903286459723841536
876167416198099034
981261116497854516
805844560621994066
217571369053847552
856434033512677386
498085462280241162
401710854787039243
952150776187351041
797175864831770644
517005647137472528
894508758477197322
749297589588852789
610145183358779393
952396791976960080
799377456900603966
307912585578020916
866384256716505108
296994243514335232
871088501700051036
968583277654994984
852927318279454752
609802616431444018
522378908587393072
896097111748251718
791991716659200021
848561111469129758
745221467829960744
593673063883603968
550029433092964355
420956362969972737
523376380851912724
910206173322567690
681845566476779520
632303972295639080
867726711578689536
981954859894964284
908898420813606912
319692441718358018
919218631810904104
579360262587547653
242853816859492353
929390634488430662
707884009564405782
924003407671472128
698472456792309773
919212383694630922
543750867355172884
678184254932254720
888841037722845257
870912329192202260
695637180323987476
333909678511882240
925797045883789332
826484220024717402
734497536189923409
575545019692351499
545583207924367361
688372061059547171
737634294951837786
532218251564941323
284691246918664205
507962631311589386
866031199172558878
640178102902980661
933985811727278090
536788591628517396
617716931176300544
927391573757530183
510455082438098966
513012572744712202
993988659525206016
766552021662695426
644249894646972447
746463492030333078
904735739009450044
981521440857788466
894264498381287475
666631626293510164
842451218295160832
865970092240011334
481427622560137230
876107903570944000
580023982192066581
429211327828066315
946478580689416252
536479598469316639
223450813740089344
926227820793954335
895586152386555945
896538095086891038
963478299034648666
972442082813825084
854635719423426580
535051910256787457
975044469915287552
391946758051069953
795967514924285983
485016899055517706
561907886289059840
716974259531939911
461474554574012416
833092722940313620
868394565722333224
770537261329809428
256393108869218304
874612996855431178
879740960563691561
422336373522169856
416599301238685707
802594702510915634
791267038387240960
830711938060648498
942051345396006963
971371683652989019
473163988151173130
305650975413108736
571289545207709696
274903248861790209
480987490795257878
882682486176501770
876868031307997264
401000928360136714
838373316145184818
416193268985102337
820187236430774272
741618416032546817
386568071797538818
933801972648267849
802202164163903510
931619494441418864
955811752904372265
449927480351129610
705831808272564314
723486437005328444
834824897761902682
696396710188023818
907608956841639957
579300450466005023
1004127772102369320
320183075512385537
994394928253784064
930034471028260884
590936310227796018
923804633456070676
667978379177230337
967164711172993034
235148962103951360
792842038332358656
410138706490425344
992577411088654416
972835070551408690
418696930793881602
749889646217003008
408625216701464577
294882584201003009
484380539218952207
789797049746980895
999507298810597458
978941090226921552
455335793578475531
427497542796967946
280281243525054465
545552213481750529
386948547624435713
936681372951670834
680461756471967862
391678917397839883
734094672934207520
401839150938193920
867756486225559584
864480062618861639
959881769690218627
848261803804327946
541994242239758339
464148182410985483
451620043533451275
552105498489520138
988329407624146974
998221145398595614
228537642583588864
472911936951156740
240254129333731328
991718888247148559
536991182035746816
454687302866698250
927521847526973531
692847731114508460
852891684806066237
739186826794762360
960077236730495026
937377804373340210
850022358055649301
606495796040302612
310848622642069504
908751746589950016
966244151924502548
851167149455441920
