
702214118093881444
446299228113862666
970013777770729502
965226194339508294
525575841682292736
725317710954627143
853804926450401301
659088911863250945
965336540094029825
996346584008765500
802587927824695337
530812817075601433
748179238720372900
943893850433396778
908278903074865152
704713819045494865
569049072862887936
275663167227691018
722150086120964197
888029750151508028
701511643254882375
943773536974163978
750082503548731392
617237130447421444
708369321377661030
487249092607475712
794992947803586610
904031937973329981
913794905724293121
970933216015962132
900395997790883880
827526489134071849
870036292853977118
878696729132806146
622836628402077711
818118734500724736
842135727830728734
978699987221368903
897910876676456528
614389605558648832
776902285108183040
952158132585529404
815269214918017084
891009670175670282
659100084146929692
923301814605066281
880060130606055465
882531732174290965
759145109425094689
815631921110581318
550989019903688714
796021456521396246
914251334067318895
982331779698524192
785519108628283433
781917163124162560
984925555386372096
661478654475239444
997559851595091980
938455165583913022
842665047574839307
1001437196512927804
940910801106132993
957952899781103647
968836889312382986
951387248509739008
992133270936498267
650783566191525891
755001389217742909
696677127700873257
821785861792202845
406805103413297152
975044976234868746
796466343796408360
310367763677970433
623156511845384202
889439757543813140
510151500425854986
405044935557906452
501444664952619008
827462602481336341
803874049738145792
585298457590366228
718396382024827002
526460434803458070
466497166031192073
223515612868116490
526258908805988379
579300450466005023
913678977070166016
866380407427039262
589879653230051348
431358384080420884
421751957200306196
944212290952105994
642728273960501268
692124931898605608
866162792012972033
994310601369198602
329903090280955907
399916074621206541
834009062227836948
824360636216508448
906545232584273981
924100161737732097
664557488074522634
402463263234981889
957939241374064650
532932916838137856
806445836748980225
521001614006288384
396586852225646603
495553975664508949
761155632153362463
954015256898863174
525715024996466713
528111022184333312
833010840126095402
926139881758031925
420212393789095946
277383171488743424
962634518114758656
938728827847315476
988842261229998172
907009886045470770
861285824183402556
746909581250396211
679402314976591921
696830457622298694
998138655170375720
646062986049617965
768208915493290005
807453244400992306
957708807381868635
846280001962639361
643040911093137420
321599311857188864
515484145833738261
543984944234627080
760129719219257355
718074616995774515
852812665365725194
284691246918664205
569106936730222593
852817884803498004
267255525379407873
455028855757996072
392010450696667137
853010648085561375
706471512021925919
1000278673687072838
984505376814825573
918264130400559126
662602196822786077
510455082438098966
526719871698862090
830045807478439987
704602914588459019
428238843033026561
433575861040578561
915913540089561118
546291572241596436
856636234457940050
715991354815152209
541329406812225547
800330147533160448
388308834419998720
331043803937112064
695627140175233079
804786026873618442
616170808670158916
280303820968296458
977858933056241664
589151870900109313
922369990420738118
906554256407007243
926611978095558717
337162441257648138
687583057053483008
971461116775526483
919553303707267082
450645392560750593
421747210233970689
835219146861051968
696253281093288007
923673173558452285
775944510441259009
528505586409537536
876845265234046988
967519075506982972
944899898472542278
852595621394382848
438410538876141589
498087437957070849
454919855330557952
443436334124892170
890927161307979776
536493034880237568
701534595677552660
477466779640397825
648952114835619891
962788934558027796
606866806367322122
714173040694526002
598135974173605918
466650774127116300
560368330335191040
523736869704433676
459800723165544469
802254141040492594
724925815074324500
793820461573079060
506102045628170244
813755782461653003
907668566545948713
850632106492035093
958408328357228576
792105791783043072
879696514019123280
704248558685257758
857134897902125066
668470675551289344
548523743069077515
496796560374628352
972569813580939334
523146446690582528
690248355984834627
981563371197456417
464474466337161236
826148868282253333
956608111316205678
809988941427769345
752177839012577350
932633690838794260
556082241709801493
937045163224756295
803102994685100032
505691804524478464
696413948647571536
489877602748727297
457247936489717762
615917149890019338
899532776234160128
934423139218235392
752881308870377653
619865897724805121
470075234473738262
991336574283423767
693798414638383165
698471864971821166
826694479565160509
747426049096417325
505430822052954133
897391021338554368
746776375951622290
698605509095194665
681184974199717888
937345038118178836
708617386193977384
444598756592189451
652462878217076736
862951889443356713
773778145182351390
538313782951280650
806554658267987998
608971740068184087
803590986881695795
709729182787174413
982591103691804692
739061839945793597
893887236486094849
787673809024188416
712972199237124116
955153703550201947
792825792299532308
524951106908979200
711632156430172302
683015468277170228
725651089575116811
1003248177664757771
676352843313315841
330146778223738881
692031053061292072
533554800000892929
963397050395930635
323462119511162880
810452848235380738
896712051760721920
755394513660280873
285429907876741120
546592043883954176
746088592056516688
640236562163957761
984864369491992676
896486715001290823
981868439658459178
249175254478487562
589146752020643851
550192535297851393
708616355024207884
680679975699218462
993622683201839174
185476724627210241
499284795902263296
326736663667802113
478321260481478677
235148962103951360
966750211886157825
822340580654579732
575776004233232386
410138706490425344
490203352324505602
623402227213664277
294882584201003009
977966107187114106
1000912879811309578
840223669641019432
854077246113185853
929101556014514206
705043463716077588
336837444140007424
852805008546201671
445450067684360192
1004163865656950854
645603531474075658
959840971527426089
988161143614898226
927663139670081536
315926021457051650
899587297069109278
672387247332524052
866956216420007946
875617713576378368
330501931657330698
499188719694381077
557628352828014614
770645731936960522
459021757148430346
889170874555568218
537669396710293515
940124681040719904
864610754929885244
693453618451447829
924323716517740544
623545735845118035
881847606173646868
760104264977874975
850022358055649301
603898236796796938
921062456846057482
485800542442881025
962536547440271440
290466400475152384
