
859046431268798504
842082815399166012
957972452036722710
999504191900897401
1001527591552962561
771711733147762748
834714827993514006
705983140778213376
757566853546508328
990951475213635624
898289200657469441
588075404670009488
846428276946632724
969287183045361684
1001783187669794877
932881080388812820
861520443387150336
882976112458731591
994308248687620127
978941031556976650
846757455077179432
702070123476942878
996202554759331881
993647495068536852
996676501342801950
850022358055649301
763819846730514484
933789833074188309
697817724688138290
747975284422344756
310848622642069504
159985870458322944
708616355024207884
964504741222678579
184405311681986560
365594481594204161
983445834781843476
789751844821401630
575776004233232386
557628352828014614
204255221017214977
819778342818414632
499595256270946326
705372408281825350
574514950215696386
294882584201003009
559426966151757824
