
361898279769735168
318442175853756416
909117370616905798
901794840390553650
279293544714338304
337162441257648138
464148182410985483
709138440259764295
609038736533094490
330041847324082179
802609378960080907
937430824901558282
336809995238899713
528987760284139530
292607720698413056
787244402790760458
932619833047134230
793489616761782315
467282036185628674
951237185812697168
828256240172793857
865684829323526205
977439625490608149
426977748267827201
758363933382803527
625262120560492565
551302336027557913
497704753107828751
554291983586295829
843181558399500328
718533659337949256
252171401845276682
637340039138902057
687345874304630832
419388486328778762
244869287481835520
733623464409432114
895065722332516404
660037222854033430
852195407064465488
759361303269343272
440470528558628865
858323180976341052
383303205301387265
584737132174901260
323750582781214722
616375483411464232
414625551647768576
809510778411417612
681512591444803671
806554658267987998
580792502488006698
753893178112737321
772071238063489034
725730499007479810
800068046638940230
616735736309350442
916048796855717949
300465951868977153
441197890443149322
369842004026195970
427073630103404546
844797834330505238
835430098303189022
849353684249083914
550541805700251649
485546831300788264
471946048743669784
517030597961711626
693462080682065941
334300389216092181
589426760475738112
986963764307959849
456504213611216906
865587429015420939
327556856300044289
194842120132100100
536893589142110209
431496321468334080
417037427396575232
695923589911674890
534388171652333582
644453513149153300
812025551291547658
926473963868160040
369122921085665282
274593509938298881
686616339024183311
559024074895130642
631405231258992699
679367885344473091
611954180671799297
387532371051806721
689225624195170327
714592985752535131
745678212389928990
236467848006991874
782923510435676172
628658775057891377
302776923250098177
277721704418246656
396350901964767252
315086733123518464
266675143328137216
258629339741028352
426709627523039254
470236184111480853
201716164492001280
755125080278958131
590258833671192771
612289565566173184
978648256017989703
468178855425867797
904008996938215435
421379701244690439
340847801275645952
499616856924225536
335501109105917952
361247606845997067
818473010704809995
507460628554711040
523769489716805632
977858933056241664
990750161930174534
495271567245312000
652493046419554315
723892339747061790
683291246655045648
440234090227302400
507179692508577803
270959919908257792
464474466337161236
434644813736968192
498182052194156545
297356195369582592
901576744438472736
603329393275961384
392675364393975808
519895212907036672
839532249102811146
556799924407107615
351757114210779136
553552057571999744
693793870043021413
306455095283941376
425330566095962121
322057992352563201
858345672054800386
401350310620299284
349423566288191498
514485727820644352
600647375723298816
662280842587930662
618115126746284036
763869798731218974
880861563605635174
326372538617823232
881962146978742303
613046619998388236
831124207428829185
805167902159536139
647467093608103946
861198807035674645
627559425229455360
895212389576867861
392992987380056064
745216249922977852
946078972326858843
308281657180553216
487249092607475712
923968165774499880
853229921533952000
720625161849536563
417732954438238210
855385758517166091
667087988563378208
696706440966176838
371695703803559948
586786054892290048
910642882954788874
588812530676269075
764881525220179968
685174547158401031
575776004233232386
899543128229441566
464272403766444044
463051557018140672
902911681221521438
911285550164615208
976900780235837450
752884503856414793
793558500764549170
972879451446718464
937687554222870619
954352739700334612
411067589717131264
938155385947312208
414806016736231445
405289938494423040
580507015869104131
732115020850397226
311063026910494720
675615192377196555
554006414708703232
933337472929259591
788094958602813494
888706600473333810
916723395801018438
934476954105700392
222027175094648832
331840736632766464
799377456900603966
838453971621249025
336766304084295680
788824825149915187
533963897666011136
667783869109370936
386640800995606540
457138784933249035
575698551917510677
527054695362199563
349915584542277632
241650398228643840
988457690483290172
330742665681567744
894270484043149382
445577054424137728
933992367806115840
613339271708934144
574584446376869899
828652757971107872
825731162554761217
804996563989430322
859827397040799784
699693003949736037
960096310982242344
625237269787181066
326467240889155595
517962972090597377
523522196908277776
262172998700761088
879226502284210216
930170480722325566
647884715214504004
402392964976082955
363761921733820418
769213557321236492
709494692089430037
223218755256188929
984774585318789151
984777822113525790
988010041225383946
727490793086124212
918974615806701598
559460668525248512
377024999673954315
574304418246164500
984779254078251058
984784883467583508
494479173767790594
984775086143836180
563797121027932181
508735974260604950
871063743495294996
715789208945688617
828358425037242468
611260921381388305
526340314781319171
669940726397796393
674903418254524437
678072108592398344
748808074575216712
453926119360561153
867303025408344084
984782372211949628
984783937874325524
405024794443120642
989167007993851904
286219803662876674
715676638393925704
979448523491770440
570965117001400322
984773917690437672
290183579571322890
984775797162250292
984779991571107850
985489339817541652
771792772838457386
853303062500606023
593111489230143489
690633940398243891
922781426796097546
636911228001714198
269900414596415489
920325903538606150
939197078159118396
711866853416239105
984777085467918366
708610607267708968
812015794577342554
475928153689292800
703058279202553936
333986621076799490
794917884043722764
280735253293826048
420183963135508490
843353798050578432
575171987169869825
984783094504624228
625717612831309836
482424585715843092
315474811100856321
832237418697457694
733211106394374214
742284977491804220
855945573877022740
961336411829727312
422438667324358657
370111034209337354
506062948549132288
513080407709712384
555373422570635284
874574855482253352
315168503877468162
286764122362609665
297673745118527488
523199100229910528
333244370151145472
756127804978102283
897792565783457834
351650648791711744
967065083320619081
960462123916480572
631840588475531274
984776396998074388
334993038067630081
836681550250246205
928198034871955466
969573471606693888
844626369983938641
486956793327517699
907300351860936705
941805610297589870
306394718869258242
603871535203221520
988076514606198875
455074660611129345
700306123559010316
338341507109224450
946474840305582080
990164607886848050
984772619846971423
451511687065894922
536488240493101056
482605365645803520
816216931232251935
565938114246475787
489820077357793290
983657582356996106
852821397289566240
356483484178710528
509707194980368414
515578428234399746
515430837555298334
990540695674699836
953630413811765308
940358946433151017
880903472483012628
484409233241014285
764212214960881695
524887054891483146
452129858797961239
984780675758567424
976055720799793177
927466998747783228
885375565119500311
310415940481318913
722428490699243580
462217659396784130
471662969839681536
389084756400144385
847739047296499753
559570761124151296
700768541930160139
623217955462971393
655450456956469294
431957803859443713
361456086689120256
572840419365486595
572860713052143638
983739864698748929
483962167842832394
882531732174290965
970013777770729502
867423475559563304
359066345033170965
678268035378839552
991111075732914257
689018368174719028
733236514904998019
755755403869945906
713300106278862908
717427675341520987
697953513438707763
819574846820319263
710479282136285234
93765780474171392
482547090237423660
625370371347972116
781881618482200609
266145825355333634
498903301086248971
716585695220596747
898053613933457449
689940497082482818
820213037873102848
938137227916116079
368667609983483915
446026764817268747
405313678779482124
757646800302637158
358244360141406219
809508806169985094
705712140488671294
759091143656472687
288201680754049024
840638430245290014
754308400115875895
889529211533017098
712390390715645982
497404482200797185
985567543076986893
533985375606276116
318319226609860608
702131052147245078
890414460542525471
670561553912954901
412985676007604227
251068282520600576
924334676611563520
818880680745762826
981860357595344906
927840139265318912
598528217489473564
262156865998159873
533989572707745794
604925066571939846
747023810401796206
680802696898543648
559308264957935616
847519800979619930
964188080917602355
349065225804316675
610758703301525515
493788778432036865
781585524414611466
299590520915886082
691684233076408400
485862140146876418
842833305668681740
478863730235408384
692008410169737217
801190498689220620
449406992012935180
528175070225498122
472802226696618006
243795291659173888
949259893855109130
575236259874734080
430074911239700481
