
952396791976960080
734067829220835340
673111378990727181
827125769490792468
989147623950786600
510822252095471627
736531938399092817
536479598469316639
996346584008765500
311201960864776193
611914379881086976
360113382243696640
954496841091797024
299972738549022721
899928576504242209
952313249032978452
609536772589748234
844593622329458769
829655272526970970
283957280679133185
784498405824790558
536979580234498049
811821697455751208
996911836823814185
708616355024207884
235148962103951360
368362411591204865
536991182035746816
638234062913536020
814455569108041748
949432112535207978
422360235466817537
579300450466005023
897219532266033213
514737109807136768
515918251121967114
1003223199783329833
801370575712550942
1002104086000320572
695603828812283982
641556331580620820
985360126665973771
950845249255776256
717800236789268540
981613887193493584
833586951369785344
488675079333609482
728938494495424540
801926975534268464
436200250064240640
824195673137872948
720659440084320276
770235494428311564
778524412483076116
966831492099633232
632303972295639080
999654699982667837
999659425126162512
999651214188888134
242730576195354624
462219919732375572
811513623523360818
531341376101548062
929386764131508306
343774144195985410
657176872941256725
989514030907539476
294882584201003009
966070237357305906
666360819608453171
689225624195170327
976828063679647845
977088737706119179
758688011365384192
536788591628517396
710497797308416010
799700969679487046
987977132133191721
308974167603150849
535188282082852875
159985870458322944
523217401370902530
852805008546201671
942054951117529102
794665963890933830
465142991007383562
839591880471871528
487551988415070209
488826605788200980
959859542060060743
813755782461653003
967374142603132968
754389072625270790
847740922195869726
826148868282253333
449509068936314884
945961562198376498
406030806587408384
402396972549668864
796466343796408360
811319696702832670
705814646166257706
866384256716505108
425294910229577748
602392369735794711
510521120944816130
959833181295628318
461557872640131085
256855381605744640
593754121488564254
650580106133241857
865311232411041802
885964627954003988
833680002334588958
699954939459403777
934737223058849793
982781956716654662
831926578719883294
914802315008045107
890682762833563669
991009713418305586
985339674870558750
746847057368711299
406126767657451538
841397614338637915
987831584034013254
427003995366883369
533696917087977502
648495877136056331
975130841485279232
471081021362667521
990684798735507506
444552662965551118
466231991738695690
713416097717551116
750700411631042610
600734717196894220
616195224007344129
961318025959735327
516040883091537921
845656551971749888
838172251228340244
748151520280838195
876775624574926868
696830457622298694
606927671481335849
927322949676060672
398087403996315649
946164872004132905
550541805700251649
977966107187114106
718471144658698290
1001996457299148952
696138838967320626
435138350396080129
979628230174724106
940274896334880788
999248545313992755
941764430419603558
1003193477351350283
594958191142633473
912330544849776651
779661096797470740
659730666803560491
824694523564130334
470496712847392781
991271484267970620
920325903538606150
984574473359470612
958034155755692092
812015794577342554
934497969187749909
528509536995377180
764493055457493012
976857884119949342
694504314307215442
936008687569489931
977858933056241664
391633431483777024
982137077208608819
981521440857788466
981293328035352586
843515636985757756
987354461460660286
890922811558887465
983865671878332496
787219909247107112
649217165521846294
950387261474734151
780030229778530306
724878595809345577
981270935652950076
982220326899417150
440070897504616449
990614996708884481
893588522257240065
984619885780934706
464764018314444802
992138949550166077
923623521853268049
881175642547318865
890552108221345813
941594473308258346
206077514228039680
935933647981273169
437162729816719370
999285320141000794
1001793262018900049
794240892549595190
993935082878410762
941773975019741254
614869948543533078
333203383022387201
906626995545317397
761539497548316683
979996680516689960
508289126681018378
536554405982634014
615256166175342593
801543115319148584
493387515697299456
392675364393975808
598534431233277955
616182024675262471
962080416070770698
930229648158232646
910975711198720000
604988708877238294
765899239825866773
872362335925330001
792087812698144788
614389789843783680
805399632028106803
958708861668319357
372060547417505793
414412530341904394
889277339022794822
485848082857066507
973780750849671209
493119750746931212
922870154847739954
919325512009125969
689484404741242995
404869040075702282
540574913652588544
966280797478858768
