
939104869246205952
919212090630217788
458276816071950337
747797625436373015
980928331509821490
835114429275963402
913807040722386955
737641310848286721
930703406123868240
898611207383158805
923300964037955604
975647629612548106
986580076088922123
886314666089910313
469540755329908736
934548558043021432
800259848851030028
774315027057344513
604220746541301760
996767649440727142
930192756335321089
292782412809764865
721720448274137209
980933303152562266
467994077535797250
691695175319420958
588279106349563924
669240543494144032
771675115649761280
281293169835114496
552931429898518569
598075256070209536
539048775306575872
794135716526948363
723657846318956606
724283313254039625
850022358055649301
962536547440271440
633565743103082527
294882584201003009
720351927581278219
310848622642069504
324631108731928587
557628352828014614
228537642583588864
957618994553159780
987823474380800001
770152674586001428
931758272032174121
380717077465530370
745611549133242380
828419756016926730
940908385291886593
959189459612614676
804998306757083177
940884563167698945
610518185778610268
828203766587064330
929930839003922482
707967270529269901
584682326550642688
906658292091224154
712634744596201483
912385907087249439
805129928231092234
875061436316004363
926113182030901309
983798037837131836
727932465028792341
875049952403918869
867001927389020160
714151523927457812
876062026634522665
782620841703112756
998921208223506463
699984747178492059
746295766103883826
926671991539396618
1001872940075323522
681834502624116859
855032673008746496
653471797164900353
403574415209791498
1000486973506605126
508607847416725565
819829842157502486
810837037010911242
553535436111216655
864897263758344192
993460098569617459
991435953694589119
873334368825929818
779775050412720168
921454269280956467
560003624063860755
972896054620082206
913091841841328129
981951297756483595
914469281486471209
712944367072968715
726442090170548234
1002878653979426816
951144011127730267
698223474572787722
924425220771709016
831921355829805058
973167393973084160
815586600783183873
592376452792582152
709528286996201552
649646958172045333
926917292011438111
822403281874714624
997945103198986270
877870916640579644
998873598678794250
622363505030463498
902543654147747852
761212747215274055
664714732472631296
993078593519362089
917814749394272337
938769973734674442
848580536976277525
574088747671486477
940246383691169863
423691669867855873
973245382408675338
884832841324724254
982148432066117682
744505919307776071
718710911321243710
867305785297338368
694820676976246805
692010956313854013
549918933403303937
810967936416088155
1002180047802728498
